703 295 434 697 641 553 
156 295 301 434 457 524 553 641 697 703 865 948 975 
-1
703 
2
703 295 865 156 434 975 301 697 948 641 553 457 524 
703 295 434 697 641 553 
3
156 295 301 434 457 524 553 641 697 703 865 948 975 
703 865 
703 295 865 156 434 975 301 697 948 641 553 457 524 
703 865 295 975 434 156 948 697 301 641 553 457 524 
703 295 865 156 434 975 301 697 948 641 553 457 524 
3
703 295 865 156 434 975 301 697 948 641 553 457 524 
703 295 865 156 434 975 301 697 948 641 553 457 524 
703 295 434 697 
156 295 301 434 457 524 553 641 697 703 865 948 975 
703 295 865 156 434 975 301 697 948 641 553 457 524 
703 295 865 156 434 975 301 697 948 641 553 457 524 
703 865 295 975 434 156 948 697 301 641 553 457 524 
