518 646 86 709 632 382 37 945 899 828 
37 86 382 518 632 646 709 828 899 945 
518 86 646 37 382 632 709 945 899 828 
518 646 86 709 632 382 37 945 899 828 
518 86 646 37 382 632 709 945 899 828 
518 86 646 37 382 632 709 945 899 828 
518 86 382 X
518 86 646 37 382 632 709 945 899 828 
37 86 382 518 632 646 709 828 899 945 
518 86 646 37 382 632 709 945 899 828 
2
518 86 646 37 382 632 709 945 899 828 
518 86 646 37 382 632 709 945 899 828 
2
518 646 86 709 632 382 37 945 899 828 
1
37 86 382 518 632 646 709 828 899 945 
37 86 382 518 632 646 709 828 899 945 
37 86 382 518 632 646 709 828 899 945 
518 86 646 37 382 632 709 945 899 828 
518 86 646 37 382 632 709 945 899 828 
37 86 382 518 632 646 709 828 899 945 
37 86 382 518 632 646 709 828 899 945 
518 86 646 37 382 632 709 945 899 828 
5
