7
6 11 15 20 27 34 100 141 154 159 164 174 176 179 181 183 220 222 239 244 248 258 259 297 311 321 322 328 331 342 359 360 371 372 376 378 423 424 426 430 436 449 452 460 474 482 487 488 489 518 528 551 575 586 590 592 608 609 625 653 659 663 670 675 681 683 692 696 704 710 716 718 728 741 743 776 780 786 791 794 796 811 813 819 820 828 835 844 853 864 869 875 890 899 900 911 944 945 947 949 963 988 996 
659 482 683 239 518 675 996 154 426 487 625 663 681 988 141 176 259 449 488 590 653 670 796 34 164 222 244 322 436 474 489 551 592 728 899 20 100 159 174 183 258 297 360 430 452 528 575 608 696 743 820 947 6 27 179 220 248 311 331 423 460 586 609 692 716 741 780 813 875 900 949 11 181 321 328 342 372 424 710 718 776 786 811 819 844 890 945 963 15 359 371 378 704 794 835 869 944 376 791 828 853 911 864 
659 482 683 239 518 675 996 154 426 487 625 663 681 988 141 176 259 449 488 590 653 670 796 34 164 222 244 322 436 474 489 551 592 728 899 20 100 159 174 183 258 297 360 430 452 528 575 608 696 743 820 947 6 27 179 220 248 311 331 423 460 586 609 692 716 741 780 813 875 900 949 11 181 321 328 342 372 424 710 718 776 786 811 819 844 890 945 963 15 359 371 378 704 794 835 869 944 376 791 828 853 911 864 
659 482 239 426 259 244 258 
659 482 683 239 518 675 996 154 426 487 625 663 681 988 141 176 259 449 488 590 653 670 796 34 164 222 244 322 436 474 489 551 592 728 899 20 100 159 174 183 258 297 360 430 452 528 575 608 696 743 820 947 6 27 179 220 248 311 331 423 460 586 609 692 716 741 780 813 875 900 949 11 181 321 328 342 372 424 710 718 776 786 811 819 844 890 945 963 15 359 371 378 704 794 835 869 944 376 791 828 853 911 864 
659 482 683 239 518 675 996 154 426 487 625 663 681 988 141 176 259 449 488 590 653 670 796 34 164 222 244 322 436 474 489 551 592 728 899 20 100 159 174 183 258 297 360 430 452 528 575 608 696 743 820 947 6 27 179 220 248 311 331 423 460 586 609 692 716 741 780 813 875 900 949 11 181 321 328 342 372 424 710 718 776 786 811 819 844 890 945 963 15 359 371 378 704 794 835 869 944 376 791 828 853 911 864 
6 11 15 20 27 34 100 141 154 159 164 174 176 179 181 183 220 222 239 244 248 258 259 297 311 321 322 328 331 342 359 360 371 372 376 378 423 424 426 430 436 449 452 460 474 482 487 488 489 518 528 551 575 586 590 592 608 609 625 653 659 663 670 675 681 683 692 696 704 710 716 718 728 741 743 776 780 786 791 794 796 811 813 819 820 828 835 844 853 864 869 875 890 899 900 911 944 945 947 949 963 988 996 
659 482 683 239 518 675 996 154 426 487 625 663 681 988 141 176 259 449 488 590 653 670 796 34 164 222 244 322 436 474 489 551 592 728 899 20 100 159 174 183 258 297 360 430 452 528 575 608 696 743 820 947 6 27 179 220 248 311 331 423 460 586 609 692 716 741 780 813 875 900 949 11 181 321 328 342 372 424 710 718 776 786 811 819 844 890 945 963 15 359 371 378 704 794 835 869 944 376 791 828 853 911 864 
6 11 15 20 27 34 100 141 154 159 164 174 176 179 181 183 220 222 239 244 248 258 259 297 311 321 322 328 331 342 359 360 371 372 376 378 423 424 426 430 436 449 452 460 474 482 487 488 489 518 528 551 575 586 590 592 608 609 625 653 659 663 670 675 681 683 692 696 704 710 716 718 728 741 743 776 780 786 791 794 796 811 813 819 820 828 835 844 853 864 869 875 890 899 900 911 944 945 947 949 963 988 996 
659 482 239 154 
9
659 482 518 625 590 551 
6 11 15 20 27 34 100 141 154 159 164 174 176 179 181 183 220 222 239 244 248 258 259 297 311 321 322 328 331 342 359 360 371 372 376 378 423 424 426 430 436 449 452 460 474 482 487 488 489 518 528 551 575 586 590 592 608 609 625 653 659 663 670 675 681 683 692 696 704 710 716 718 728 741 743 776 780 786 791 794 796 811 813 819 820 828 835 844 853 864 869 875 890 899 900 911 944 945 947 949 963 988 996 
659 482 683 239 518 675 996 154 426 487 625 663 681 988 141 176 259 449 488 590 653 670 796 34 164 222 244 322 436 474 489 551 592 728 899 20 100 159 174 183 258 297 360 430 452 528 575 608 696 743 820 947 6 27 179 220 248 311 331 423 460 586 609 692 716 741 780 813 875 900 949 11 181 321 328 342 372 424 710 718 776 786 811 819 844 890 945 963 15 359 371 378 704 794 835 869 944 376 791 828 853 911 864 
659 482 683 239 518 675 996 154 426 487 625 663 681 988 141 176 259 449 488 590 653 670 796 34 164 222 244 322 436 474 489 551 592 728 899 20 100 159 174 183 258 297 360 430 452 528 575 608 696 743 820 947 6 27 179 220 248 311 331 423 460 586 609 692 716 741 780 813 875 900 949 11 181 321 328 342 372 424 710 718 776 786 811 819 844 890 945 963 15 359 371 378 704 794 835 869 944 376 791 828 853 911 864 
7
6 11 15 20 27 34 100 141 154 159 164 174 176 179 181 183 220 222 239 244 248 258 259 297 311 321 322 328 331 342 359 360 371 372 376 378 423 424 426 430 436 449 452 460 474 482 487 488 489 518 528 551 575 586 590 592 608 609 625 653 659 663 670 675 681 683 692 696 704 710 716 718 728 741 743 776 780 786 791 794 796 811 813 819 820 828 835 844 853 864 869 875 890 899 900 911 944 945 947 949 963 988 996 
659 482 683 239 518 675 996 154 426 487 625 663 681 988 141 176 259 449 488 590 653 670 796 34 164 222 244 322 436 474 489 551 592 728 899 20 100 159 174 183 258 297 360 430 452 528 575 608 696 743 820 947 6 27 179 220 248 311 331 423 460 586 609 692 716 741 780 813 875 900 949 11 181 321 328 342 372 424 710 718 776 786 811 819 844 890 945 963 15 359 371 378 704 794 835 869 944 376 791 828 853 911 864 
659 482 683 239 518 675 996 154 426 487 625 663 681 988 141 176 259 449 488 590 653 670 796 34 164 222 244 322 436 474 489 551 592 728 899 20 100 159 174 183 258 297 360 430 452 528 575 608 696 743 820 947 6 27 179 220 248 311 331 423 460 586 609 692 716 741 780 813 875 900 949 11 181 321 328 342 372 424 710 718 776 786 811 819 844 890 945 963 15 359 371 378 704 794 835 869 944 376 791 828 853 911 864 
4
659 683 996 988 796 728 696 692 
659 482 683 239 518 675 996 154 426 487 625 663 681 988 141 176 259 449 488 590 653 670 796 34 164 222 244 322 436 474 489 551 592 728 899 20 100 159 174 183 258 297 360 430 452 528 575 608 696 743 820 947 6 27 179 220 248 311 331 423 460 586 609 692 716 741 780 813 875 900 949 11 181 321 328 342 372 424 710 718 776 786 811 819 844 890 945 963 15 359 371 378 704 794 835 869 944 376 791 828 853 911 864 
6 11 15 20 27 34 100 141 154 159 164 174 176 179 181 183 220 222 239 244 248 258 259 297 311 321 322 328 331 342 359 360 371 372 376 378 423 424 426 430 436 449 452 460 474 482 487 488 489 518 528 551 575 586 590 592 608 609 625 653 659 663 670 675 681 683 692 696 704 710 716 718 728 741 743 776 780 786 791 794 796 811 813 819 820 828 835 844 853 864 869 875 890 899 900 911 944 945 947 949 963 988 996 
659 482 683 239 518 675 996 154 426 487 625 663 681 988 141 176 259 449 488 590 653 670 796 34 164 222 244 322 436 474 489 551 592 728 899 20 100 159 174 183 258 297 360 430 452 528 575 608 696 743 820 947 6 27 179 220 248 311 331 423 460 586 609 692 716 741 780 813 875 900 949 11 181 321 328 342 372 424 710 718 776 786 811 819 844 890 945 963 15 359 371 378 704 794 835 869 944 376 791 828 853 911 864 
8
6 11 15 20 27 34 100 141 154 159 164 174 176 179 181 183 220 222 239 244 248 258 259 297 311 321 322 328 331 342 359 360 371 372 376 378 423 424 426 430 436 449 452 460 474 482 487 488 489 518 528 551 575 586 590 592 608 609 625 653 659 663 670 675 681 683 692 696 704 710 716 718 728 741 743 776 780 786 791 794 796 811 813 819 820 828 835 844 853 864 869 875 890 899 900 911 944 945 947 949 963 988 996 
8
659 482 683 239 518 675 996 154 426 487 625 663 681 988 141 176 259 449 488 590 653 670 796 34 164 222 244 322 436 474 489 551 592 728 899 20 100 159 174 183 258 297 360 430 452 528 575 608 696 743 820 947 6 27 179 220 248 311 331 423 460 586 609 692 716 741 780 813 875 900 949 11 181 321 328 342 372 424 710 718 776 786 811 819 844 890 945 963 15 359 371 378 704 794 835 869 944 376 791 828 853 911 864 
659 482 683 239 518 675 996 154 426 487 625 663 681 988 141 176 259 449 488 590 653 670 796 34 164 222 244 322 436 474 489 551 592 728 899 20 100 159 174 183 258 297 360 430 452 528 575 608 696 743 820 947 6 27 179 220 248 311 331 423 460 586 609 692 716 741 780 813 875 900 949 11 181 321 328 342 372 424 710 718 776 786 811 819 844 890 945 963 15 359 371 378 704 794 835 869 944 376 791 828 853 911 864 
5
659 482 683 239 518 675 996 154 426 487 625 663 681 988 141 176 259 449 488 590 653 670 796 34 164 222 244 322 436 474 489 551 592 728 899 20 100 159 174 183 258 297 360 430 452 528 575 608 696 743 820 947 6 27 179 220 248 311 331 423 460 586 609 692 716 741 780 813 875 900 949 11 181 321 328 342 372 424 710 718 776 786 811 819 844 890 945 963 15 359 371 378 704 794 835 869 944 376 791 828 853 911 864 
7
659 482 683 239 518 675 996 154 426 487 625 663 681 988 141 176 259 449 488 590 653 670 796 34 164 222 244 322 436 474 489 551 592 728 899 20 100 159 174 183 258 297 360 430 452 528 575 608 696 743 820 947 6 27 179 220 248 311 331 423 460 586 609 692 716 741 780 813 875 900 949 11 181 321 328 342 372 424 710 718 776 786 811 819 844 890 945 963 15 359 371 378 704 794 835 869 944 376 791 828 853 911 864 
6 11 15 20 27 34 100 141 154 159 164 174 176 179 181 183 220 222 239 244 248 258 259 297 311 321 322 328 331 342 359 360 371 372 376 378 423 424 426 430 436 449 452 460 474 482 487 488 489 518 528 551 575 586 590 592 608 609 625 653 659 663 670 675 681 683 692 696 704 710 716 718 728 741 743 776 780 786 791 794 796 811 813 819 820 828 835 844 853 864 869 875 890 899 900 911 944 945 947 949 963 988 996 
6 11 15 20 27 34 100 141 154 159 164 174 176 179 181 183 220 222 239 244 248 258 259 297 311 321 322 328 331 342 359 360 371 372 376 378 423 424 426 430 436 449 452 460 474 482 487 488 489 518 528 551 575 586 590 592 608 609 625 653 659 663 670 675 681 683 692 696 704 710 716 718 728 741 743 776 780 786 791 794 796 811 813 819 820 828 835 844 853 864 869 875 890 899 900 911 944 945 947 949 963 988 996 
659 482 239 426 259 322 360 331 328 
7
659 482 518 487 X
659 482 239 154 176 222 X
659 482 239 426 259 322 297 311 X
659 482 683 239 518 675 996 154 426 487 625 663 681 988 141 176 259 449 488 590 653 670 796 34 164 222 244 322 436 474 489 551 592 728 899 20 100 159 174 183 258 297 360 430 452 528 575 608 696 743 820 947 6 27 179 220 248 311 331 423 460 586 609 692 716 741 780 813 875 900 949 11 181 321 328 342 372 424 710 718 776 786 811 819 844 890 945 963 15 359 371 378 704 794 835 869 944 376 791 828 853 911 864 
6 11 15 20 27 34 100 141 154 159 164 174 176 179 181 183 220 222 239 244 248 258 259 297 311 321 322 328 331 342 359 360 371 372 376 378 423 424 426 430 436 449 452 460 474 482 487 488 489 518 528 551 575 586 590 592 608 609 625 653 659 663 670 675 681 683 692 696 704 710 716 718 728 741 743 776 780 786 791 794 796 811 813 819 820 828 835 844 853 864 869 875 890 899 900 911 944 945 947 949 963 988 996 
6 11 15 20 27 34 100 141 154 159 164 174 176 179 181 183 220 222 239 244 248 258 259 297 311 321 322 328 331 342 359 360 371 372 376 378 423 424 426 430 436 449 452 460 474 482 487 488 489 518 528 551 575 586 590 592 608 609 625 653 659 663 670 675 681 683 692 696 704 710 716 718 728 741 743 776 780 786 791 794 796 811 813 819 820 828 835 844 853 864 869 875 890 899 900 911 944 945 947 949 963 988 996 
5
659 482 683 239 518 675 996 154 426 487 625 663 681 988 141 176 259 449 488 590 653 670 796 34 164 222 244 322 436 474 489 551 592 728 899 20 100 159 174 183 258 297 360 430 452 528 575 608 696 743 820 947 6 27 179 220 248 311 331 423 460 586 609 692 716 741 780 813 875 900 949 11 181 321 328 342 372 424 710 718 776 786 811 819 844 890 945 963 15 359 371 378 704 794 835 869 944 376 791 828 853 911 864 
659 482 683 239 518 675 996 154 426 487 625 663 681 988 141 176 259 449 488 590 653 670 796 34 164 222 244 322 436 474 489 551 592 728 899 20 100 159 174 183 258 297 360 430 452 528 575 608 696 743 820 947 6 27 179 220 248 311 331 423 460 586 609 692 716 741 780 813 875 900 949 11 181 321 328 342 372 424 710 718 776 786 811 819 844 890 945 963 15 359 371 378 704 794 835 869 944 376 791 828 853 911 864 
659 482 683 239 518 675 996 154 426 487 625 663 681 988 141 176 259 449 488 590 653 670 796 34 164 222 244 322 436 474 489 551 592 728 899 20 100 159 174 183 258 297 360 430 452 528 575 608 696 743 820 947 6 27 179 220 248 311 331 423 460 586 609 692 716 741 780 813 875 900 949 11 181 321 328 342 372 424 710 718 776 786 811 819 844 890 945 963 15 359 371 378 704 794 835 869 944 376 791 828 853 911 864 
6 11 15 20 27 34 100 141 154 159 164 174 176 179 181 183 220 222 239 244 248 258 259 297 311 321 322 328 331 342 359 360 371 372 376 378 423 424 426 430 436 449 452 460 474 482 487 488 489 518 528 551 575 586 590 592 608 609 625 653 659 663 670 675 681 683 692 696 704 710 716 718 728 741 743 776 780 786 791 794 796 811 813 819 820 828 835 844 853 864 869 875 890 899 900 911 944 945 947 949 963 988 996 
659 482 683 239 518 675 996 154 426 487 625 663 681 988 141 176 259 449 488 590 653 670 796 34 164 222 244 322 436 474 489 551 592 728 899 20 100 159 174 183 258 297 360 430 452 528 575 608 696 743 820 947 6 27 179 220 248 311 331 423 460 586 609 692 716 741 780 813 875 900 949 11 181 321 328 342 372 424 710 718 776 786 811 819 844 890 945 963 15 359 371 378 704 794 835 869 944 376 791 828 853 911 864 
659 482 518 625 653 X
659 482 518 625 653 X
659 683 996 988 796 899 820 875 844 869 853 
7
7
9
6 11 15 20 27 34 100 141 154 159 164 174 176 179 181 183 220 222 239 244 248 258 259 297 311 321 322 328 331 342 359 360 371 372 376 378 423 424 426 430 436 449 452 460 474 482 487 488 489 518 528 551 575 586 590 592 608 609 625 653 659 663 670 675 681 683 692 696 704 710 716 718 728 741 743 776 780 786 791 794 796 811 813 819 820 828 835 844 853 864 869 875 890 899 900 911 944 945 947 949 963 988 996 
659 482 518 625 653 
6 11 15 20 27 34 100 141 154 159 164 174 176 179 181 183 220 222 239 244 248 258 259 297 311 321 322 328 331 342 359 360 371 372 376 378 423 424 426 430 436 449 452 460 474 482 487 488 489 518 528 551 575 586 590 592 608 609 625 653 659 663 670 675 681 683 692 696 704 710 716 718 728 741 743 776 780 786 791 794 796 811 813 819 820 828 835 844 853 864 869 875 890 899 900 911 944 945 947 949 963 988 996 
6 11 15 20 27 34 100 141 154 159 164 174 176 179 181 183 220 222 239 244 248 258 259 297 311 321 322 328 331 342 359 360 371 372 376 378 423 424 426 430 436 449 452 460 474 482 487 488 489 518 528 551 575 586 590 592 608 609 625 653 659 663 670 675 681 683 692 696 704 710 716 718 728 741 743 776 780 786 791 794 796 811 813 819 820 828 835 844 853 864 869 875 890 899 900 911 944 945 947 949 963 988 996 
659 482 239 426 259 322 360 423 372 378 
6 11 15 20 27 34 100 141 154 159 164 174 176 179 181 183 220 222 239 244 248 258 259 297 311 321 322 328 331 342 359 360 371 372 376 378 423 424 426 430 436 449 452 460 474 482 487 488 489 518 528 551 575 586 590 592 608 609 625 653 659 663 670 675 681 683 692 696 704 710 716 718 728 741 743 776 780 786 791 794 796 811 813 819 820 828 835 844 853 864 869 875 890 899 900 911 944 945 947 949 963 988 996 
659 482 239 426 259 322 360 423 424 
659 482 683 239 518 675 996 154 426 487 625 663 681 988 141 176 259 449 488 590 653 670 796 34 164 222 244 322 436 474 489 551 592 728 899 20 100 159 174 183 258 297 360 430 452 528 575 608 696 743 820 947 6 27 179 220 248 311 331 423 460 586 609 692 716 741 780 813 875 900 949 11 181 321 328 342 372 424 710 718 776 786 811 819 844 890 945 963 15 359 371 378 704 794 835 869 944 376 791 828 853 911 864 
659 482 518 625 653 X
7
9
659 683 675 
6 11 15 20 27 34 100 141 154 159 164 174 176 179 181 183 220 222 239 244 248 258 259 297 311 321 322 328 331 342 359 360 371 372 376 378 423 424 426 430 436 449 452 460 474 482 487 488 489 518 528 551 575 586 590 592 608 609 625 653 659 663 670 675 681 683 692 696 704 710 716 718 728 741 743 776 780 786 791 794 796 811 813 819 820 828 835 844 853 864 869 875 890 899 900 911 944 945 947 949 963 988 996 
659 482 683 239 518 675 996 154 426 487 625 663 681 988 141 176 259 449 488 590 653 670 796 34 164 222 244 322 436 474 489 551 592 728 899 20 100 159 174 183 258 297 360 430 452 528 575 608 696 743 820 947 6 27 179 220 248 311 331 423 460 586 609 692 716 741 780 813 875 900 949 11 181 321 328 342 372 424 710 718 776 786 811 819 844 890 945 963 15 359 371 378 704 794 835 869 944 376 791 828 853 911 864 
6 11 15 20 27 34 100 141 154 159 164 174 176 179 181 183 220 222 239 244 248 258 259 297 311 321 322 328 331 342 359 360 371 372 376 378 423 424 426 430 436 449 452 460 474 482 487 488 489 518 528 551 575 586 590 592 608 609 625 653 659 663 670 675 681 683 692 696 704 710 716 718 728 741 743 776 780 786 791 794 796 811 813 819 820 828 835 844 853 864 869 875 890 899 900 911 944 945 947 949 963 988 996 
-1
6 11 15 20 27 34 100 141 154 159 164 174 176 179 181 183 220 222 239 244 248 258 259 297 311 321 322 328 331 342 359 360 371 372 376 378 423 424 426 430 436 449 452 460 474 482 487 488 489 518 528 551 575 586 590 592 608 609 625 653 659 663 670 675 681 683 692 696 704 710 716 718 728 741 743 776 780 786 791 794 796 811 813 819 820 828 835 844 853 864 869 875 890 899 900 911 944 945 947 949 963 988 996 
2
6 11 15 20 27 34 100 141 154 159 164 174 176 179 181 183 220 222 239 244 248 258 259 297 311 321 322 328 331 342 359 360 371 372 376 378 423 424 426 430 436 449 452 460 474 482 487 488 489 518 528 551 575 586 590 592 608 609 625 653 659 663 670 675 681 683 692 696 704 710 716 718 728 741 743 776 780 786 791 794 796 811 813 819 820 828 835 844 853 864 869 875 890 899 900 911 944 945 947 949 963 988 996 
659 482 683 239 518 675 996 154 426 487 625 663 681 988 141 176 259 449 488 590 653 670 796 34 164 222 244 322 436 474 489 551 592 728 899 20 100 159 174 183 258 297 360 430 452 528 575 608 696 743 820 947 6 27 179 220 248 311 331 423 460 586 609 692 716 741 780 813 875 900 949 11 181 321 328 342 372 424 710 718 776 786 811 819 844 890 945 963 15 359 371 378 704 794 835 869 944 376 791 828 853 911 864 
2
659 683 996 988 796 899 820 875 
6 11 15 20 27 34 100 141 154 159 164 174 176 179 181 183 220 222 239 244 248 258 259 297 311 321 322 328 331 342 359 360 371 372 376 378 423 424 426 430 436 449 452 460 474 482 487 488 489 518 528 551 575 586 590 592 608 609 625 653 659 663 670 675 681 683 692 696 704 710 716 718 728 741 743 776 780 786 791 794 796 811 813 819 820 828 835 844 853 864 869 875 890 899 900 911 944 945 947 949 963 988 996 
659 482 518 625 590 592 
659 482 518 625 590 551 575 586 X
659 482 683 239 518 675 996 154 426 487 625 663 681 988 141 176 259 449 488 590 653 670 796 34 164 222 244 322 436 474 489 551 592 728 899 20 100 159 174 183 258 297 360 430 452 528 575 608 696 743 820 947 6 27 179 220 248 311 331 423 460 586 609 692 716 741 780 813 875 900 949 11 181 321 328 342 372 424 710 718 776 786 811 819 844 890 945 963 15 359 371 378 704 794 835 869 944 376 791 828 853 911 864 
-1
659 683 996 988 796 728 743 780 786 794 791 
659 482 683 239 518 675 996 154 426 487 625 663 681 988 141 176 259 449 488 590 653 670 796 34 164 222 244 322 436 474 489 551 592 728 899 20 100 159 174 183 258 297 360 430 452 528 575 608 696 743 820 947 6 27 179 220 248 311 331 423 460 586 609 692 716 741 780 813 875 900 949 11 181 321 328 342 372 424 710 718 776 786 811 819 844 890 945 963 15 359 371 378 704 794 835 869 944 376 791 828 853 911 864 
659 482 518 625 590 592 608 609 
2
6 11 15 20 27 34 100 141 154 159 164 174 176 179 181 183 220 222 239 244 248 258 259 297 311 321 322 328 331 342 359 360 371 372 376 378 423 424 426 430 436 449 452 460 474 482 487 488 489 518 528 551 575 586 590 592 608 609 625 653 659 663 670 675 681 683 692 696 704 710 716 718 728 741 743 776 780 786 791 794 796 811 813 819 820 828 835 844 853 864 869 875 890 899 900 911 944 945 947 949 963 988 996 
4
659 683 996 988 796 899 820 813 811 
659 482 683 239 518 675 996 154 426 487 625 663 681 988 141 176 259 449 488 590 653 670 796 34 164 222 244 322 436 474 489 551 592 728 899 20 100 159 174 183 258 297 360 430 452 528 575 608 696 743 820 947 6 27 179 220 248 311 331 423 460 586 609 692 716 741 780 813 875 900 949 11 181 321 328 342 372 424 710 718 776 786 811 819 844 890 945 963 15 359 371 378 704 794 835 869 944 376 791 828 853 911 864 
-1
659 482 683 239 518 675 996 154 426 487 625 663 681 988 141 176 259 449 488 590 653 670 796 34 164 222 244 322 436 474 489 551 592 728 899 20 100 159 174 183 258 297 360 430 452 528 575 608 696 743 820 947 6 27 179 220 248 311 331 423 460 586 609 692 716 741 780 813 875 900 949 11 181 321 328 342 372 424 710 718 776 786 811 819 844 890 945 963 15 359 371 378 704 794 835 869 944 376 791 828 853 911 864 
659 482 239 154 141 34 20 6 11 15 X
659 482 239 154 176 222 
659 683 996 988 796 899 820 813 811 X
6 11 15 20 27 34 100 141 154 159 164 174 176 179 181 183 220 222 239 244 248 258 259 297 311 321 322 328 331 342 359 360 371 372 376 378 423 424 426 430 436 449 452 460 474 482 487 488 489 518 528 551 575 586 590 592 608 609 625 653 659 663 670 675 681 683 692 696 704 710 716 718 728 741 743 776 780 786 791 794 796 811 813 819 820 828 835 844 853 864 869 875 890 899 900 911 944 945 947 949 963 988 996 
-1
6
659 482 683 239 518 675 996 154 426 487 625 663 681 988 141 176 259 449 488 590 653 670 796 34 164 222 244 322 436 474 489 551 592 728 899 20 100 159 174 183 258 297 360 430 452 528 575 608 696 743 820 947 6 27 179 220 248 311 331 423 460 586 609 692 716 741 780 813 875 900 949 11 181 321 328 342 372 424 710 718 776 786 811 819 844 890 945 963 15 359 371 378 704 794 835 869 944 376 791 828 853 911 864 
10
659 482 239 426 
659 482 518 625 590 592 608 609 
9
659 683 996 988 796 899 947 900 945 944 911 
6 11 15 20 27 34 100 141 154 159 164 174 176 179 181 183 220 222 239 244 248 258 259 297 311 321 322 328 331 342 359 360 371 372 376 378 423 424 426 430 436 449 452 460 474 482 487 488 489 518 528 551 575 586 590 592 608 609 625 653 659 663 670 675 681 683 692 696 704 710 716 718 728 741 743 776 780 786 791 794 796 811 813 819 820 828 835 844 853 864 869 875 890 899 900 911 944 945 947 949 963 988 996 
659 482 239 154 141 34 20 
-1
659 482 683 239 518 675 996 154 426 487 625 663 681 988 141 176 259 449 488 590 653 670 796 34 164 222 244 322 436 474 489 551 592 728 899 20 100 159 174 183 258 297 360 430 452 528 575 608 696 743 820 947 6 27 179 220 248 311 331 423 460 586 609 692 716 741 780 813 875 900 949 11 181 321 328 342 372 424 710 718 776 786 811 819 844 890 945 963 15 359 371 378 704 794 835 869 944 376 791 828 853 911 864 
7
9
6 11 15 20 27 34 100 141 154 159 164 174 176 179 181 183 220 222 239 244 248 258 259 297 311 321 322 328 331 342 359 360 371 372 376 378 423 424 426 430 436 449 452 460 474 482 487 488 489 518 528 551 575 586 590 592 608 609 625 653 659 663 670 675 681 683 692 696 704 710 716 718 728 741 743 776 780 786 791 794 796 811 813 819 820 828 835 844 853 864 869 875 890 899 900 911 944 945 947 949 963 988 996 
659 683 996 988 796 899 820 875 844 
659 482 683 239 518 675 996 154 426 487 625 663 681 988 141 176 259 449 488 590 653 670 796 34 164 222 244 322 436 474 489 551 592 728 899 20 100 159 174 183 258 297 360 430 452 528 575 608 696 743 820 947 6 27 179 220 248 311 331 423 460 586 609 692 716 741 780 813 875 900 949 11 181 321 328 342 372 424 710 718 776 786 811 819 844 890 945 963 15 359 371 378 704 794 835 869 944 376 791 828 853 911 864 
6
3
659 482 683 239 518 675 996 154 426 487 625 663 681 988 141 176 259 449 488 590 653 670 796 34 164 222 244 322 436 474 489 551 592 728 899 20 100 159 174 183 258 297 360 430 452 528 575 608 696 743 820 947 6 27 179 220 248 311 331 423 460 586 609 692 716 741 780 813 875 900 949 11 181 321 328 342 372 424 710 718 776 786 811 819 844 890 945 963 15 359 371 378 704 794 835 869 944 376 791 828 853 911 864 
6 11 15 20 27 34 100 141 154 159 164 174 176 179 181 183 220 222 239 244 248 258 259 297 311 321 322 328 331 342 359 360 371 372 376 378 423 424 426 430 436 449 452 460 474 482 487 488 489 518 528 551 575 586 590 592 608 609 625 653 659 663 670 675 681 683 692 696 704 710 716 718 728 741 743 776 780 786 791 794 796 811 813 819 820 828 835 844 853 864 869 875 890 899 900 911 944 945 947 949 963 988 996 
659 482 239 426 259 244 258 248 
1
659 482 518 487 
659 482 683 239 518 675 996 154 426 487 625 663 681 988 141 176 259 449 488 590 653 670 796 34 164 222 244 322 436 474 489 551 592 728 899 20 100 159 174 183 258 297 360 430 452 528 575 608 696 743 820 947 6 27 179 220 248 311 331 423 460 586 609 692 716 741 780 813 875 900 949 11 181 321 328 342 372 424 710 718 776 786 811 819 844 890 945 963 15 359 371 378 704 794 835 869 944 376 791 828 853 911 864 
6
659 482 683 239 518 675 996 154 426 487 625 663 681 988 141 176 259 449 488 590 653 670 796 34 164 222 244 322 436 474 489 551 592 728 899 20 100 159 174 183 258 297 360 430 452 528 575 608 696 743 820 947 6 27 179 220 248 311 331 423 460 586 609 692 716 741 780 813 875 900 949 11 181 321 328 342 372 424 710 718 776 786 811 819 844 890 945 963 15 359 371 378 704 794 835 869 944 376 791 828 853 911 864 
-1
659 683 996 988 796 899 947 900 945 
6 11 15 20 27 34 100 141 154 159 164 174 176 179 181 183 220 222 239 244 248 258 259 297 311 321 322 328 331 342 359 360 371 372 376 378 423 424 426 430 436 449 452 460 474 482 487 488 489 518 528 551 575 586 590 592 608 609 625 653 659 663 670 675 681 683 692 696 704 710 716 718 728 741 743 776 780 786 791 794 796 811 813 819 820 828 835 844 853 864 869 875 890 899 900 911 944 945 947 949 963 988 996 
10
659 683 996 988 796 728 
659 683 996 988 796 899 
6 11 15 20 27 34 100 141 154 159 164 174 176 179 181 183 220 222 239 244 248 258 259 297 311 321 322 328 331 342 359 360 371 372 376 378 423 424 426 430 436 449 452 460 474 482 487 488 489 518 528 551 575 586 590 592 608 609 625 653 659 663 670 675 681 683 692 696 704 710 716 718 728 741 743 776 780 786 791 794 796 811 813 819 820 828 835 844 853 864 869 875 890 899 900 911 944 945 947 949 963 988 996 
659 683 996 988 796 728 696 692 
6 11 15 20 27 34 100 141 154 159 164 174 176 179 181 183 220 222 239 244 248 258 259 297 311 321 322 328 331 342 359 360 371 372 376 378 423 424 426 430 436 449 452 460 474 482 487 488 489 518 528 551 575 586 590 592 608 609 625 653 659 663 670 675 681 683 692 696 704 710 716 718 728 741 743 776 780 786 791 794 796 811 813 819 820 828 835 844 853 864 869 875 890 899 900 911 944 945 947 949 963 988 996 
4
6 11 15 20 27 34 100 141 154 159 164 174 176 179 181 183 220 222 239 244 248 258 259 297 311 321 322 328 331 342 359 360 371 372 376 378 423 424 426 430 436 449 452 460 474 482 487 488 489 518 528 551 575 586 590 592 608 609 625 653 659 663 670 675 681 683 692 696 704 710 716 718 728 741 743 776 780 786 791 794 796 811 813 819 820 828 835 844 853 864 869 875 890 899 900 911 944 945 947 949 963 988 996 
659 482 239 154 176 
659 482 683 239 518 675 996 154 426 487 625 663 681 988 141 176 259 449 488 590 653 670 796 34 164 222 244 322 436 474 489 551 592 728 899 20 100 159 174 183 258 297 360 430 452 528 575 608 696 743 820 947 6 27 179 220 248 311 331 423 460 586 609 692 716 741 780 813 875 900 949 11 181 321 328 342 372 424 710 718 776 786 811 819 844 890 945 963 15 359 371 378 704 794 835 869 944 376 791 828 853 911 864 
659 482 683 239 518 675 996 154 426 487 625 663 681 988 141 176 259 449 488 590 653 670 796 34 164 222 244 322 436 474 489 551 592 728 899 20 100 159 174 183 258 297 360 430 452 528 575 608 696 743 820 947 6 27 179 220 248 311 331 423 460 586 609 692 716 741 780 813 875 900 949 11 181 321 328 342 372 424 710 718 776 786 811 819 844 890 945 963 15 359 371 378 704 794 835 869 944 376 791 828 853 911 864 
659 482 683 239 518 675 996 154 426 487 625 663 681 988 141 176 259 449 488 590 653 670 796 34 164 222 244 322 436 474 489 551 592 728 899 20 100 159 174 183 258 297 360 430 452 528 575 608 696 743 820 947 6 27 179 220 248 311 331 423 460 586 609 692 716 741 780 813 875 900 949 11 181 321 328 342 372 424 710 718 776 786 811 819 844 890 945 963 15 359 371 378 704 794 835 869 944 376 791 828 853 911 864 
659 683 996 988 796 728 743 780 786 794 
659 683 996 988 796 728 743 780 786 794 
659 683 996 988 796 728 696 716 710 
659 482 239 154 141 34 100 X
6 11 15 20 27 34 100 141 154 159 164 174 176 179 181 183 220 222 239 244 248 258 259 297 311 321 322 328 331 342 359 360 371 372 376 378 423 424 426 430 436 449 452 460 474 482 487 488 489 518 528 551 575 586 590 592 608 609 625 653 659 663 670 675 681 683 692 696 704 710 716 718 728 741 743 776 780 786 791 794 796 811 813 819 820 828 835 844 853 864 869 875 890 899 900 911 944 945 947 949 963 988 996 
659 482 683 239 518 675 996 154 426 487 625 663 681 988 141 176 259 449 488 590 653 670 796 34 164 222 244 322 436 474 489 551 592 728 899 20 100 159 174 183 258 297 360 430 452 528 575 608 696 743 820 947 6 27 179 220 248 311 331 423 460 586 609 692 716 741 780 813 875 900 949 11 181 321 328 342 372 424 710 718 776 786 811 819 844 890 945 963 15 359 371 378 704 794 835 869 944 376 791 828 853 911 864 
6 11 15 20 27 34 100 141 154 159 164 174 176 179 181 183 220 222 239 244 248 258 259 297 311 321 322 328 331 342 359 360 371 372 376 378 423 424 426 430 436 449 452 460 474 482 487 488 489 518 528 551 575 586 590 592 608 609 625 653 659 663 670 675 681 683 692 696 704 710 716 718 728 741 743 776 780 786 791 794 796 811 813 819 820 828 835 844 853 864 869 875 890 899 900 911 944 945 947 949 963 988 996 
659 482 683 239 518 675 996 154 426 487 625 663 681 988 141 176 259 449 488 590 653 670 796 34 164 222 244 322 436 474 489 551 592 728 899 20 100 159 174 183 258 297 360 430 452 528 575 608 696 743 820 947 6 27 179 220 248 311 331 423 460 586 609 692 716 741 780 813 875 900 949 11 181 321 328 342 372 424 710 718 776 786 811 819 844 890 945 963 15 359 371 378 704 794 835 869 944 376 791 828 853 911 864 
659 482 518 625 590 551 575 
-1
1
6 11 15 20 27 34 100 141 154 159 164 174 176 179 181 183 220 222 239 244 248 258 259 297 311 321 322 328 331 342 359 360 371 372 376 378 423 424 426 430 436 449 452 460 474 482 487 488 489 518 528 551 575 586 590 592 608 609 625 653 659 663 670 675 681 683 692 696 704 710 716 718 728 741 743 776 780 786 791 794 796 811 813 819 820 828 835 844 853 864 869 875 890 899 900 911 944 945 947 949 963 988 996 
4
3
659 482 683 239 518 675 996 154 426 487 625 663 681 988 141 176 259 449 488 590 653 670 796 34 164 222 244 322 436 474 489 551 592 728 899 20 100 159 174 183 258 297 360 430 452 528 575 608 696 743 820 947 6 27 179 220 248 311 331 423 460 586 609 692 716 741 780 813 875 900 949 11 181 321 328 342 372 424 710 718 776 786 811 819 844 890 945 963 15 359 371 378 704 794 835 869 944 376 791 828 853 911 864 
659 683 996 988 796 899 947 900 945 944 911 
659 482 518 625 
659 482 239 
659 482 683 239 518 675 996 154 426 487 625 663 681 988 141 176 259 449 488 590 653 670 796 34 164 222 244 322 436 474 489 551 592 728 899 20 100 159 174 183 258 297 360 430 452 528 575 608 696 743 820 947 6 27 179 220 248 311 331 423 460 586 609 692 716 741 780 813 875 900 949 11 181 321 328 342 372 424 710 718 776 786 811 819 844 890 945 963 15 359 371 378 704 794 835 869 944 376 791 828 853 911 864 
659 482 239 154 141 34 20 27 
6 11 15 20 27 34 100 141 154 159 164 174 176 179 181 183 220 222 239 244 248 258 259 297 311 321 322 328 331 342 359 360 371 372 376 378 423 424 426 430 436 449 452 460 474 482 487 488 489 518 528 551 575 586 590 592 608 609 625 653 659 663 670 675 681 683 692 696 704 710 716 718 728 741 743 776 780 786 791 794 796 811 813 819 820 828 835 844 853 864 869 875 890 899 900 911 944 945 947 949 963 988 996 
659 482 239 426 259 322 360 331 
659 482 683 239 518 675 996 154 426 487 625 663 681 988 141 176 259 449 488 590 653 670 796 34 164 222 244 322 436 474 489 551 592 728 899 20 100 159 174 183 258 297 360 430 452 528 575 608 696 743 820 947 6 27 179 220 248 311 331 423 460 586 609 692 716 741 780 813 875 900 949 11 181 321 328 342 372 424 710 718 776 786 811 819 844 890 945 963 15 359 371 378 704 794 835 869 944 376 791 828 853 911 864 
659 482 683 239 518 675 996 154 426 487 625 663 681 988 141 176 259 449 488 590 653 670 796 34 164 222 244 322 436 474 489 551 592 728 899 20 100 159 174 183 258 297 360 430 452 528 575 608 696 743 820 947 6 27 179 220 248 311 331 423 460 586 609 692 716 741 780 813 875 900 949 11 181 321 328 342 372 424 710 718 776 786 811 819 844 890 945 963 15 359 371 378 704 794 835 869 944 376 791 828 853 911 864 
6 11 15 20 27 34 100 141 154 159 164 174 176 179 181 183 220 222 239 244 248 258 259 297 311 321 322 328 331 342 359 360 371 372 376 378 423 424 426 430 436 449 452 460 474 482 487 488 489 518 528 551 575 586 590 592 608 609 625 653 659 663 670 675 681 683 692 696 704 710 716 718 728 741 743 776 780 786 791 794 796 811 813 819 820 828 835 844 853 864 869 875 890 899 900 911 944 945 947 949 963 988 996 
659 683 996 988 796 728 743 780 786 
659 482 239 426 449 474 452 
659 482 518 625 590 551 575 X
7
659 482 683 239 518 675 996 154 426 487 625 663 681 988 141 176 259 449 488 590 653 670 796 34 164 222 244 322 436 474 489 551 592 728 899 20 100 159 174 183 258 297 360 430 452 528 575 608 696 743 820 947 6 27 179 220 248 311 331 423 460 586 609 692 716 741 780 813 875 900 949 11 181 321 328 342 372 424 710 718 776 786 811 819 844 890 945 963 15 359 371 378 704 794 835 869 944 376 791 828 853 911 864 
-1
6 11 15 20 27 34 100 141 154 159 164 174 176 179 181 183 220 222 239 244 248 258 259 297 311 321 322 328 331 342 359 360 371 372 376 378 423 424 426 430 436 449 452 460 474 482 487 488 489 518 528 551 575 586 590 592 608 609 625 653 659 663 670 675 681 683 692 696 704 710 716 718 728 741 743 776 780 786 791 794 796 811 813 819 820 828 835 844 853 864 869 875 890 899 900 911 944 945 947 949 963 988 996 
659 482 239 426 449 474 452 X
659 482 683 239 518 675 996 154 426 487 625 663 681 988 141 176 259 449 488 590 653 670 796 34 164 222 244 322 436 474 489 551 592 728 899 20 100 159 174 183 258 297 360 430 452 528 575 608 696 743 820 947 6 27 179 220 248 311 331 423 460 586 609 692 716 741 780 813 875 900 949 11 181 321 328 342 372 424 710 718 776 786 811 819 844 890 945 963 15 359 371 378 704 794 835 869 944 376 791 828 853 911 864 
4
659 482 239 154 176 164 
6 11 15 20 27 34 100 141 154 159 164 174 176 179 181 183 220 222 239 244 248 258 259 297 311 321 322 328 331 342 359 360 371 372 376 378 423 424 426 430 436 449 452 460 474 482 487 488 489 518 528 551 575 586 590 592 608 609 625 653 659 663 670 675 681 683 692 696 704 710 716 718 728 741 743 776 780 786 791 794 796 811 813 819 820 828 835 844 853 864 869 875 890 899 900 911 944 945 947 949 963 988 996 
659 482 683 239 518 675 996 154 426 487 625 663 681 988 141 176 259 449 488 590 653 670 796 34 164 222 244 322 436 474 489 551 592 728 899 20 100 159 174 183 258 297 360 430 452 528 575 608 696 743 820 947 6 27 179 220 248 311 331 423 460 586 609 692 716 741 780 813 875 900 949 11 181 321 328 342 372 424 710 718 776 786 811 819 844 890 945 963 15 359 371 378 704 794 835 869 944 376 791 828 853 911 864 
659 683 996 988 796 899 947 949 963 X
-1
6 11 15 20 27 34 100 141 154 159 164 174 176 179 181 183 220 222 239 244 248 258 259 297 311 321 322 328 331 342 359 360 371 372 376 378 423 424 426 430 436 449 452 460 474 482 487 488 489 518 528 551 575 586 590 592 608 609 625 653 659 663 670 675 681 683 692 696 704 710 716 718 728 741 743 776 780 786 791 794 796 811 813 819 820 828 835 844 853 864 869 875 890 899 900 911 944 945 947 949 963 988 996 
5
659 482 518 625 590 592 608 
6 11 15 20 27 34 100 141 154 159 164 174 176 179 181 183 220 222 239 244 248 258 259 297 311 321 322 328 331 342 359 360 371 372 376 378 423 424 426 430 436 449 452 460 474 482 487 488 489 518 528 551 575 586 590 592 608 609 625 653 659 663 670 675 681 683 692 696 704 710 716 718 728 741 743 776 780 786 791 794 796 811 813 819 820 828 835 844 853 864 869 875 890 899 900 911 944 945 947 949 963 988 996 
-1
6 11 15 20 27 34 100 141 154 159 164 174 176 179 181 183 220 222 239 244 248 258 259 297 311 321 322 328 331 342 359 360 371 372 376 378 423 424 426 430 436 449 452 460 474 482 487 488 489 518 528 551 575 586 590 592 608 609 625 653 659 663 670 675 681 683 692 696 704 710 716 718 728 741 743 776 780 786 791 794 796 811 813 819 820 828 835 844 853 864 869 875 890 899 900 911 944 945 947 949 963 988 996 
4
659 482 683 239 518 675 996 154 426 487 625 663 681 988 141 176 259 449 488 590 653 670 796 34 164 222 244 322 436 474 489 551 592 728 899 20 100 159 174 183 258 297 360 430 452 528 575 608 696 743 820 947 6 27 179 220 248 311 331 423 460 586 609 692 716 741 780 813 875 900 949 11 181 321 328 342 372 424 710 718 776 786 811 819 844 890 945 963 15 359 371 378 704 794 835 869 944 376 791 828 853 911 864 
8
6 11 15 20 27 34 100 141 154 159 164 174 176 179 181 183 220 222 239 244 248 258 259 297 311 321 322 328 331 342 359 360 371 372 376 378 423 424 426 430 436 449 452 460 474 482 487 488 489 518 528 551 575 586 590 592 608 609 625 653 659 663 670 675 681 683 692 696 704 710 716 718 728 741 743 776 780 786 791 794 796 811 813 819 820 828 835 844 853 864 869 875 890 899 900 911 944 945 947 949 963 988 996 
2
