186 30 639 8 106 233 872 3 20 63 128 193 481 667 963 54 67 121 144 192 208 236 517 666 850 961 987 33 61 85 126 140 183 214 260 497 540 661 766 919 982 997 36 57 147 240 478 512 529 609 643 664 698 837 914 922 996 999 43 167 238 245 343 480 539 601 631 642 652 663 696 734 789 849 876 931 158 254 265 351 549 608 626 686 727 737 775 822 842 879 935 325 347 376 542 563 616 693 704 735 767 783 811 823 878 880 281 342 373 411 595 611 625 722 800 825 911 286 329 363 379 476 592 600 807 831 336 386 415 590 598 829 834 331 384 402 423 335 444 450 451 467 453 458 
3 8 20 30 33 36 43 54 57 61 63 67 85 106 121 126 128 140 144 147 158 167 183 186 192 193 208 214 233 236 238 240 245 254 260 265 281 286 325 329 331 335 336 342 343 347 351 363 373 376 379 384 386 402 411 415 423 444 450 451 453 458 467 476 478 480 481 497 512 517 529 539 540 542 549 563 590 592 595 598 600 601 608 609 611 616 625 626 631 639 642 643 652 661 663 664 666 667 686 693 696 698 704 722 727 734 735 737 766 767 775 783 789 800 807 811 822 823 825 829 831 834 837 842 849 850 872 876 878 879 880 911 914 919 922 931 935 961 963 982 987 996 997 999 
186 30 639 8 106 233 872 3 20 63 128 193 481 667 963 54 67 121 144 192 208 236 517 666 850 961 987 33 61 85 126 140 183 214 260 497 540 661 766 919 982 997 36 57 147 240 478 512 529 609 643 664 698 837 914 922 996 999 43 167 238 245 343 480 539 601 631 642 652 663 696 734 789 849 876 931 158 254 265 351 549 608 626 686 727 737 775 822 842 879 935 325 347 376 542 563 616 693 704 735 767 783 811 823 878 880 281 342 373 411 595 611 625 722 800 825 911 286 329 363 379 476 592 600 807 831 336 386 415 590 598 829 834 331 384 402 423 335 444 450 451 467 453 458 
12
186 30 106 128 121 
7
186 639 233 481 236 260 478 343 351 376 411 379 
186 30 106 128 144 183 147 167 
3 8 20 30 33 36 43 54 57 61 63 67 85 106 121 126 128 140 144 147 158 167 183 186 192 193 208 214 233 236 238 240 245 254 260 265 281 286 325 329 331 335 336 342 343 347 351 363 373 376 379 384 386 402 411 415 423 444 450 451 453 458 467 476 478 480 481 497 512 517 529 539 540 542 549 563 590 592 595 598 600 601 608 609 611 616 625 626 631 639 642 643 652 661 663 664 666 667 686 693 696 698 704 722 727 734 735 737 766 767 775 783 789 800 807 811 822 823 825 829 831 834 837 842 849 850 872 876 878 879 880 911 914 919 922 931 935 961 963 982 987 996 997 999 
6
3 8 20 30 33 36 43 54 57 61 63 67 85 106 121 126 128 140 144 147 158 167 183 186 192 193 208 214 233 236 238 240 245 254 260 265 281 286 325 329 331 335 336 342 343 347 351 363 373 376 379 384 386 402 411 415 423 444 450 451 453 458 467 476 478 480 481 497 512 517 529 539 540 542 549 563 590 592 595 598 600 601 608 609 611 616 625 626 631 639 642 643 652 661 663 664 666 667 686 693 696 698 704 722 727 734 735 737 766 767 775 783 789 800 807 811 822 823 825 829 831 834 837 842 849 850 872 876 878 879 880 911 914 919 922 931 935 961 963 982 987 996 997 999 
186 30 106 63 67 85 X
186 30 639 8 106 233 872 3 20 63 128 193 481 667 963 54 67 121 144 192 208 236 517 666 850 961 987 33 61 85 126 140 183 214 260 497 540 661 766 919 982 997 36 57 147 240 478 512 529 609 643 664 698 837 914 922 996 999 43 167 238 245 343 480 539 601 631 642 652 663 696 734 789 849 876 931 158 254 265 351 549 608 626 686 727 737 775 822 842 879 935 325 347 376 542 563 616 693 704 735 767 783 811 823 878 880 281 342 373 411 595 611 625 722 800 825 911 286 329 363 379 476 592 600 807 831 336 386 415 590 598 829 834 331 384 402 423 335 444 450 451 467 453 458 
186 639 872 667 850 766 837 789 822 823 825 
3 8 20 30 33 36 43 54 57 61 63 67 85 106 121 126 128 140 144 147 158 167 183 186 192 193 208 214 233 236 238 240 245 254 260 265 281 286 325 329 331 335 336 342 343 347 351 363 373 376 379 384 386 402 411 415 423 444 450 451 453 458 467 476 478 480 481 497 512 517 529 539 540 542 549 563 590 592 595 598 600 601 608 609 611 616 625 626 631 639 642 643 652 661 663 664 666 667 686 693 696 698 704 722 727 734 735 737 766 767 775 783 789 800 807 811 822 823 825 829 831 834 837 842 849 850 872 876 878 879 880 911 914 919 922 931 935 961 963 982 987 996 997 999 
3 8 20 30 33 36 43 54 57 61 63 67 85 106 121 126 128 140 144 147 158 167 183 186 192 193 208 214 233 236 238 240 245 254 260 265 281 286 325 329 331 335 336 342 343 347 351 363 373 376 379 384 386 402 411 415 423 444 450 451 453 458 467 476 478 480 481 497 512 517 529 539 540 542 549 563 590 592 595 598 600 601 608 609 611 616 625 626 631 639 642 643 652 661 663 664 666 667 686 693 696 698 704 722 727 734 735 737 766 767 775 783 789 800 807 811 822 823 825 829 831 834 837 842 849 850 872 876 878 879 880 911 914 919 922 931 935 961 963 982 987 996 997 999 
3 8 20 30 33 36 43 54 57 61 63 67 85 106 121 126 128 140 144 147 158 167 183 186 192 193 208 214 233 236 238 240 245 254 260 265 281 286 325 329 331 335 336 342 343 347 351 363 373 376 379 384 386 402 411 415 423 444 450 451 453 458 467 476 478 480 481 497 512 517 529 539 540 542 549 563 590 592 595 598 600 601 608 609 611 616 625 626 631 639 642 643 652 661 663 664 666 667 686 693 696 698 704 722 727 734 735 737 766 767 775 783 789 800 807 811 822 823 825 829 831 834 837 842 849 850 872 876 878 879 880 911 914 919 922 931 935 961 963 982 987 996 997 999 
186 30 639 8 106 233 872 3 20 63 128 193 481 667 963 54 67 121 144 192 208 236 517 666 850 961 987 33 61 85 126 140 183 214 260 497 540 661 766 919 982 997 36 57 147 240 478 512 529 609 643 664 698 837 914 922 996 999 43 167 238 245 343 480 539 601 631 642 652 663 696 734 789 849 876 931 158 254 265 351 549 608 626 686 727 737 775 822 842 879 935 325 347 376 542 563 616 693 704 735 767 783 811 823 878 880 281 342 373 411 595 611 625 722 800 825 911 286 329 363 379 476 592 600 807 831 336 386 415 590 598 829 834 331 384 402 423 335 444 450 451 467 453 458 
186 30 639 8 106 233 872 3 20 63 128 193 481 667 963 54 67 121 144 192 208 236 517 666 850 961 987 33 61 85 126 140 183 214 260 497 540 661 766 919 982 997 36 57 147 240 478 512 529 609 643 664 698 837 914 922 996 999 43 167 238 245 343 480 539 601 631 642 652 663 696 734 789 849 876 931 158 254 265 351 549 608 626 686 727 737 775 822 842 879 935 325 347 376 542 563 616 693 704 735 767 783 811 823 878 880 281 342 373 411 595 611 625 722 800 825 911 286 329 363 379 476 592 600 807 831 336 386 415 590 598 829 834 331 384 402 423 335 444 450 451 467 453 458 
3 8 20 30 33 36 43 54 57 61 63 67 85 106 121 126 128 140 144 147 158 167 183 186 192 193 208 214 233 236 238 240 245 254 260 265 281 286 325 329 331 335 336 342 343 347 351 363 373 376 379 384 386 402 411 415 423 444 450 451 453 458 467 476 478 480 481 497 512 517 529 539 540 542 549 563 590 592 595 598 600 601 608 609 611 616 625 626 631 639 642 643 652 661 663 664 666 667 686 693 696 698 704 722 727 734 735 737 766 767 775 783 789 800 807 811 822 823 825 829 831 834 837 842 849 850 872 876 878 879 880 911 914 919 922 931 935 961 963 982 987 996 997 999 
186 639 233 481 236 260 478 343 265 325 281 X
186 30 106 128 121 
186 30 639 8 106 233 872 3 20 63 128 193 481 667 963 54 67 121 144 192 208 236 517 666 850 961 987 33 61 85 126 140 183 214 260 497 540 661 766 919 982 997 36 57 147 240 478 512 529 609 643 664 698 837 914 922 996 999 43 167 238 245 343 480 539 601 631 642 652 663 696 734 789 849 876 931 158 254 265 351 549 608 626 686 727 737 775 822 842 879 935 325 347 376 542 563 616 693 704 735 767 783 811 823 878 880 281 342 373 411 595 611 625 722 800 825 911 286 329 363 379 476 592 600 807 831 336 386 415 590 598 829 834 331 384 402 423 335 444 450 451 467 453 458 
3 8 20 30 33 36 43 54 57 61 63 67 85 106 121 126 128 140 144 147 158 167 183 186 192 193 208 214 233 236 238 240 245 254 260 265 281 286 325 329 331 335 336 342 343 347 351 363 373 376 379 384 386 402 411 415 423 444 450 451 453 458 467 476 478 480 481 497 512 517 529 539 540 542 549 563 590 592 595 598 600 601 608 609 611 616 625 626 631 639 642 643 652 661 663 664 666 667 686 693 696 698 704 722 727 734 735 737 766 767 775 783 789 800 807 811 822 823 825 829 831 834 837 842 849 850 872 876 878 879 880 911 914 919 922 931 935 961 963 982 987 996 997 999 
-1
186 639 872 963 961 919 922 931 935 X
186 639 872 667 850 
3 8 20 30 33 36 43 54 57 61 63 67 85 106 121 126 128 140 144 147 158 167 183 186 192 193 208 214 233 236 238 240 245 254 260 265 281 286 325 329 331 335 336 342 343 347 351 363 373 376 379 384 386 402 411 415 423 444 450 451 453 458 467 476 478 480 481 497 512 517 529 539 540 542 549 563 590 592 595 598 600 601 608 609 611 616 625 626 631 639 642 643 652 661 663 664 666 667 686 693 696 698 704 722 727 734 735 737 766 767 775 783 789 800 807 811 822 823 825 829 831 834 837 842 849 850 872 876 878 879 880 911 914 919 922 931 935 961 963 982 987 996 997 999 
186 639 233 481 236 260 240 245 
186 639 872 667 
-1
186 639 233 481 517 540 609 631 
186 639 872 667 850 766 837 789 822 811 800 
186 30 
3 8 20 30 33 36 43 54 57 61 63 67 85 106 121 126 128 140 144 147 158 167 183 186 192 193 208 214 233 236 238 240 245 254 260 265 281 286 325 329 331 335 336 342 343 347 351 363 373 376 379 384 386 402 411 415 423 444 450 451 453 458 467 476 478 480 481 497 512 517 529 539 540 542 549 563 590 592 595 598 600 601 608 609 611 616 625 626 631 639 642 643 652 661 663 664 666 667 686 693 696 698 704 722 727 734 735 737 766 767 775 783 789 800 807 811 822 823 825 829 831 834 837 842 849 850 872 876 878 879 880 911 914 919 922 931 935 961 963 982 987 996 997 999 
9
186 30 639 8 106 233 872 3 20 63 128 193 481 667 963 54 67 121 144 192 208 236 517 666 850 961 987 33 61 85 126 140 183 214 260 497 540 661 766 919 982 997 36 57 147 240 478 512 529 609 643 664 698 837 914 922 996 999 43 167 238 245 343 480 539 601 631 642 652 663 696 734 789 849 876 931 158 254 265 351 549 608 626 686 727 737 775 822 842 879 935 325 347 376 542 563 616 693 704 735 767 783 811 823 878 880 281 342 373 411 595 611 625 722 800 825 911 286 329 363 379 476 592 600 807 831 336 386 415 590 598 829 834 331 384 402 423 335 444 450 451 467 453 458 
186 30 639 8 106 233 872 3 20 63 128 193 481 667 963 54 67 121 144 192 208 236 517 666 850 961 987 33 61 85 126 140 183 214 260 497 540 661 766 919 982 997 36 57 147 240 478 512 529 609 643 664 698 837 914 922 996 999 43 167 238 245 343 480 539 601 631 642 652 663 696 734 789 849 876 931 158 254 265 351 549 608 626 686 727 737 775 822 842 879 935 325 347 376 542 563 616 693 704 735 767 783 811 823 878 880 281 342 373 411 595 611 625 722 800 825 911 286 329 363 379 476 592 600 807 831 336 386 415 590 598 829 834 331 384 402 423 335 444 450 451 467 453 458 
186 30 639 8 106 233 872 3 20 63 128 193 481 667 963 54 67 121 144 192 208 236 517 666 850 961 987 33 61 85 126 140 183 214 260 497 540 661 766 919 982 997 36 57 147 240 478 512 529 609 643 664 698 837 914 922 996 999 43 167 238 245 343 480 539 601 631 642 652 663 696 734 789 849 876 931 158 254 265 351 549 608 626 686 727 737 775 822 842 879 935 325 347 376 542 563 616 693 704 735 767 783 811 823 878 880 281 342 373 411 595 611 625 722 800 825 911 286 329 363 379 476 592 600 807 831 336 386 415 590 598 829 834 331 384 402 423 335 444 450 451 467 453 458 
186 30 639 8 106 233 872 3 20 63 128 193 481 667 963 54 67 121 144 192 208 236 517 666 850 961 987 33 61 85 126 140 183 214 260 497 540 661 766 919 982 997 36 57 147 240 478 512 529 609 643 664 698 837 914 922 996 999 43 167 238 245 343 480 539 601 631 642 652 663 696 734 789 849 876 931 158 254 265 351 549 608 626 686 727 737 775 822 842 879 935 325 347 376 542 563 616 693 704 735 767 783 811 823 878 880 281 342 373 411 595 611 625 722 800 825 911 286 329 363 379 476 592 600 807 831 336 386 415 590 598 829 834 331 384 402 423 335 444 450 451 467 453 458 
11
186 30 639 8 106 233 872 3 20 63 128 193 481 667 963 54 67 121 144 192 208 236 517 666 850 961 987 33 61 85 126 140 183 214 260 497 540 661 766 919 982 997 36 57 147 240 478 512 529 609 643 664 698 837 914 922 996 999 43 167 238 245 343 480 539 601 631 642 652 663 696 734 789 849 876 931 158 254 265 351 549 608 626 686 727 737 775 822 842 879 935 325 347 376 542 563 616 693 704 735 767 783 811 823 878 880 281 342 373 411 595 611 625 722 800 825 911 286 329 363 379 476 592 600 807 831 336 386 415 590 598 829 834 331 384 402 423 335 444 450 451 467 453 458 
186 30 639 8 106 233 872 3 20 63 128 193 481 667 963 54 67 121 144 192 208 236 517 666 850 961 987 33 61 85 126 140 183 214 260 497 540 661 766 919 982 997 36 57 147 240 478 512 529 609 643 664 698 837 914 922 996 999 43 167 238 245 343 480 539 601 631 642 652 663 696 734 789 849 876 931 158 254 265 351 549 608 626 686 727 737 775 822 842 879 935 325 347 376 542 563 616 693 704 735 767 783 811 823 878 880 281 342 373 411 595 611 625 722 800 825 911 286 329 363 379 476 592 600 807 831 336 386 415 590 598 829 834 331 384 402 423 335 444 450 451 467 453 458 
186 639 233 481 236 260 478 343 351 376 411 476 415 423 444 450 
186 639 233 481 236 260 478 343 351 376 
186 639 233 481 236 260 478 343 265 325 342 329 
186 30 639 8 106 233 872 3 20 63 128 193 481 667 963 54 67 121 144 192 208 236 517 666 850 961 987 33 61 85 126 140 183 214 260 497 540 661 766 919 982 997 36 57 147 240 478 512 529 609 643 664 698 837 914 922 996 999 43 167 238 245 343 480 539 601 631 642 652 663 696 734 789 849 876 931 158 254 265 351 549 608 626 686 727 737 775 822 842 879 935 325 347 376 542 563 616 693 704 735 767 783 811 823 878 880 281 342 373 411 595 611 625 722 800 825 911 286 329 363 379 476 592 600 807 831 336 386 415 590 598 829 834 331 384 402 423 335 444 450 451 467 453 458 
186 639 233 481 236 260 478 343 351 376 411 476 415 423 444 450 451 467 453 458 
186 639 233 481 
186 639 872 963 961 919 922 931 935 
12
186 639 872 667 850 766 837 789 775 783 X
3 8 20 30 33 36 43 54 57 61 63 67 85 106 121 126 128 140 144 147 158 167 183 186 192 193 208 214 233 236 238 240 245 254 260 265 281 286 325 329 331 335 336 342 343 347 351 363 373 376 379 384 386 402 411 415 423 444 450 451 453 458 467 476 478 480 481 497 512 517 529 539 540 542 549 563 590 592 595 598 600 601 608 609 611 616 625 626 631 639 642 643 652 661 663 664 666 667 686 693 696 698 704 722 727 734 735 737 766 767 775 783 789 800 807 811 822 823 825 829 831 834 837 842 849 850 872 876 878 879 880 911 914 919 922 931 935 961 963 982 987 996 997 999 
186 639 233 481 236 260 478 343 351 376 411 379 386 
3
3 8 20 30 33 36 43 54 57 61 63 67 85 106 121 126 128 140 144 147 158 167 183 186 192 193 208 214 233 236 238 240 245 254 260 265 281 286 325 329 331 335 336 342 343 347 351 363 373 376 379 384 386 402 411 415 423 444 450 451 453 458 467 476 478 480 481 497 512 517 529 539 540 542 549 563 590 592 595 598 600 601 608 609 611 616 625 626 631 639 642 643 652 661 663 664 666 667 686 693 696 698 704 722 727 734 735 737 766 767 775 783 789 800 807 811 822 823 825 829 831 834 837 842 849 850 872 876 878 879 880 911 914 919 922 931 935 961 963 982 987 996 997 999 
3 8 20 30 33 36 43 54 57 61 63 67 85 106 121 126 128 140 144 147 158 167 183 186 192 193 208 214 233 236 238 240 245 254 260 265 281 286 325 329 331 335 336 342 343 347 351 363 373 376 379 384 386 402 411 415 423 444 450 451 453 458 467 476 478 480 481 497 512 517 529 539 540 542 549 563 590 592 595 598 600 601 608 609 611 616 625 626 631 639 642 643 652 661 663 664 666 667 686 693 696 698 704 722 727 734 735 737 766 767 775 783 789 800 807 811 822 823 825 829 831 834 837 842 849 850 872 876 878 879 880 911 914 919 922 931 935 961 963 982 987 996 997 999 
3 8 20 30 33 36 43 54 57 61 63 67 85 106 121 126 128 140 144 147 158 167 183 186 192 193 208 214 233 236 238 240 245 254 260 265 281 286 325 329 331 335 336 342 343 347 351 363 373 376 379 384 386 402 411 415 423 444 450 451 453 458 467 476 478 480 481 497 512 517 529 539 540 542 549 563 590 592 595 598 600 601 608 609 611 616 625 626 631 639 642 643 652 661 663 664 666 667 686 693 696 698 704 722 727 734 735 737 766 767 775 783 789 800 807 811 822 823 825 829 831 834 837 842 849 850 872 876 878 879 880 911 914 919 922 931 935 961 963 982 987 996 997 999 
9
186 639 872 667 666 661 664 
186 639 872 963 987 
3 8 20 30 33 36 43 54 57 61 63 67 85 106 121 126 128 140 144 147 158 167 183 186 192 193 208 214 233 236 238 240 245 254 260 265 281 286 325 329 331 335 336 342 343 347 351 363 373 376 379 384 386 402 411 415 423 444 450 451 453 458 467 476 478 480 481 497 512 517 529 539 540 542 549 563 590 592 595 598 600 601 608 609 611 616 625 626 631 639 642 643 652 661 663 664 666 667 686 693 696 698 704 722 727 734 735 737 766 767 775 783 789 800 807 811 822 823 825 829 831 834 837 842 849 850 872 876 878 879 880 911 914 919 922 931 935 961 963 982 987 996 997 999 
186 30 639 8 106 233 872 3 20 63 128 193 481 667 963 54 67 121 144 192 208 236 517 666 850 961 987 33 61 85 126 140 183 214 260 497 540 661 766 919 982 997 36 57 147 240 478 512 529 609 643 664 698 837 914 922 996 999 43 167 238 245 343 480 539 601 631 642 652 663 696 734 789 849 876 931 158 254 265 351 549 608 626 686 727 737 775 822 842 879 935 325 347 376 542 563 616 693 704 735 767 783 811 823 878 880 281 342 373 411 595 611 625 722 800 825 911 286 329 363 379 476 592 600 807 831 336 386 415 590 598 829 834 331 384 402 423 335 444 450 451 467 453 458 
186 30 639 8 106 233 872 3 20 63 128 193 481 667 963 54 67 121 144 192 208 236 517 666 850 961 987 33 61 85 126 140 183 214 260 497 540 661 766 919 982 997 36 57 147 240 478 512 529 609 643 664 698 837 914 922 996 999 43 167 238 245 343 480 539 601 631 642 652 663 696 734 789 849 876 931 158 254 265 351 549 608 626 686 727 737 775 822 842 879 935 325 347 376 542 563 616 693 704 735 767 783 811 823 878 880 281 342 373 411 595 611 625 722 800 825 911 286 329 363 379 476 592 600 807 831 336 386 415 590 598 829 834 331 384 402 423 335 444 450 451 467 453 458 
3 8 20 30 33 36 43 54 57 61 63 67 85 106 121 126 128 140 144 147 158 167 183 186 192 193 208 214 233 236 238 240 245 254 260 265 281 286 325 329 331 335 336 342 343 347 351 363 373 376 379 384 386 402 411 415 423 444 450 451 453 458 467 476 478 480 481 497 512 517 529 539 540 542 549 563 590 592 595 598 600 601 608 609 611 616 625 626 631 639 642 643 652 661 663 664 666 667 686 693 696 698 704 722 727 734 735 737 766 767 775 783 789 800 807 811 822 823 825 829 831 834 837 842 849 850 872 876 878 879 880 911 914 919 922 931 935 961 963 982 987 996 997 999 
186 639 872 667 850 766 837 849 842 
186 30 639 8 106 233 872 3 20 63 128 193 481 667 963 54 67 121 144 192 208 236 517 666 850 961 987 33 61 85 126 140 183 214 260 497 540 661 766 919 982 997 36 57 147 240 478 512 529 609 643 664 698 837 914 922 996 999 43 167 238 245 343 480 539 601 631 642 652 663 696 734 789 849 876 931 158 254 265 351 549 608 626 686 727 737 775 822 842 879 935 325 347 376 542 563 616 693 704 735 767 783 811 823 878 880 281 342 373 411 595 611 625 722 800 825 911 286 329 363 379 476 592 600 807 831 336 386 415 590 598 829 834 331 384 402 423 335 444 450 451 467 453 458 
186 30 639 8 106 233 872 3 20 63 128 193 481 667 963 54 67 121 144 192 208 236 517 666 850 961 987 33 61 85 126 140 183 214 260 497 540 661 766 919 982 997 36 57 147 240 478 512 529 609 643 664 698 837 914 922 996 999 43 167 238 245 343 480 539 601 631 642 652 663 696 734 789 849 876 931 158 254 265 351 549 608 626 686 727 737 775 822 842 879 935 325 347 376 542 563 616 693 704 735 767 783 811 823 878 880 281 342 373 411 595 611 625 722 800 825 911 286 329 363 379 476 592 600 807 831 336 386 415 590 598 829 834 331 384 402 423 335 444 450 451 467 453 458 
186 639 233 481 236 260 478 343 265 325 342 329 336 331 335 X
186 639 872 963 987 
186 639 233 481 236 260 478 343 265 
7
186 639 233 481 236 260 478 343 351 376 411 476 415 423 444 450 451 
3 8 20 30 33 36 43 54 57 61 63 67 85 106 121 126 128 140 144 147 158 167 183 186 192 193 208 214 233 236 238 240 245 254 260 265 281 286 325 329 331 335 336 342 343 347 351 363 373 376 379 384 386 402 411 415 423 444 450 451 453 458 467 476 478 480 481 497 512 517 529 539 540 542 549 563 590 592 595 598 600 601 608 609 611 616 625 626 631 639 642 643 652 661 663 664 666 667 686 693 696 698 704 722 727 734 735 737 766 767 775 783 789 800 807 811 822 823 825 829 831 834 837 842 849 850 872 876 878 879 880 911 914 919 922 931 935 961 963 982 987 996 997 999 
186 30 639 8 106 233 872 3 20 63 128 193 481 667 963 54 67 121 144 192 208 236 517 666 850 961 987 33 61 85 126 140 183 214 260 497 540 661 766 919 982 997 36 57 147 240 478 512 529 609 643 664 698 837 914 922 996 999 43 167 238 245 343 480 539 601 631 642 652 663 696 734 789 849 876 931 158 254 265 351 549 608 626 686 727 737 775 822 842 879 935 325 347 376 542 563 616 693 704 735 767 783 811 823 878 880 281 342 373 411 595 611 625 722 800 825 911 286 329 363 379 476 592 600 807 831 336 386 415 590 598 829 834 331 384 402 423 335 444 450 451 467 453 458 
186 639 872 667 850 766 837 789 775 767 
9
186 639 872 963 961 919 
4
11
3 8 20 30 33 36 43 54 57 61 63 67 85 106 121 126 128 140 144 147 158 167 183 186 192 193 208 214 233 236 238 240 245 254 260 265 281 286 325 329 331 335 336 342 343 347 351 363 373 376 379 384 386 402 411 415 423 444 450 451 453 458 467 476 478 480 481 497 512 517 529 539 540 542 549 563 590 592 595 598 600 601 608 609 611 616 625 626 631 639 642 643 652 661 663 664 666 667 686 693 696 698 704 722 727 734 735 737 766 767 775 783 789 800 807 811 822 823 825 829 831 834 837 842 849 850 872 876 878 879 880 911 914 919 922 931 935 961 963 982 987 996 997 999 
3 8 20 30 33 36 43 54 57 61 63 67 85 106 121 126 128 140 144 147 158 167 183 186 192 193 208 214 233 236 238 240 245 254 260 265 281 286 325 329 331 335 336 342 343 347 351 363 373 376 379 384 386 402 411 415 423 444 450 451 453 458 467 476 478 480 481 497 512 517 529 539 540 542 549 563 590 592 595 598 600 601 608 609 611 616 625 626 631 639 642 643 652 661 663 664 666 667 686 693 696 698 704 722 727 734 735 737 766 767 775 783 789 800 807 811 822 823 825 829 831 834 837 842 849 850 872 876 878 879 880 911 914 919 922 931 935 961 963 982 987 996 997 999 
186 30 639 8 106 233 872 3 20 63 128 193 481 667 963 54 67 121 144 192 208 236 517 666 850 961 987 33 61 85 126 140 183 214 260 497 540 661 766 919 982 997 36 57 147 240 478 512 529 609 643 664 698 837 914 922 996 999 43 167 238 245 343 480 539 601 631 642 652 663 696 734 789 849 876 931 158 254 265 351 549 608 626 686 727 737 775 822 842 879 935 325 347 376 542 563 616 693 704 735 767 783 811 823 878 880 281 342 373 411 595 611 625 722 800 825 911 286 329 363 379 476 592 600 807 831 336 386 415 590 598 829 834 331 384 402 423 335 444 450 451 467 453 458 
186 30 639 8 106 233 872 3 20 63 128 193 481 667 963 54 67 121 144 192 208 236 517 666 850 961 987 33 61 85 126 140 183 214 260 497 540 661 766 919 982 997 36 57 147 240 478 512 529 609 643 664 698 837 914 922 996 999 43 167 238 245 343 480 539 601 631 642 652 663 696 734 789 849 876 931 158 254 265 351 549 608 626 686 727 737 775 822 842 879 935 325 347 376 542 563 616 693 704 735 767 783 811 823 878 880 281 342 373 411 595 611 625 722 800 825 911 286 329 363 379 476 592 600 807 831 336 386 415 590 598 829 834 331 384 402 423 335 444 450 451 467 453 458 
16
186 639 872 667 850 766 837 789 775 783 
186 30 639 8 106 233 872 3 20 63 128 193 481 667 963 54 67 121 144 192 208 236 517 666 850 961 987 33 61 85 126 140 183 214 260 497 540 661 766 919 982 997 36 57 147 240 478 512 529 609 643 664 698 837 914 922 996 999 43 167 238 245 343 480 539 601 631 642 652 663 696 734 789 849 876 931 158 254 265 351 549 608 626 686 727 737 775 822 842 879 935 325 347 376 542 563 616 693 704 735 767 783 811 823 878 880 281 342 373 411 595 611 625 722 800 825 911 286 329 363 379 476 592 600 807 831 336 386 415 590 598 829 834 331 384 402 423 335 444 450 451 467 453 458 
13
6
186 30 639 8 106 233 872 3 20 63 128 193 481 667 963 54 67 121 144 192 208 236 517 666 850 961 987 33 61 85 126 140 183 214 260 497 540 661 766 919 982 997 36 57 147 240 478 512 529 609 643 664 698 837 914 922 996 999 43 167 238 245 343 480 539 601 631 642 652 663 696 734 789 849 876 931 158 254 265 351 549 608 626 686 727 737 775 822 842 879 935 325 347 376 542 563 616 693 704 735 767 783 811 823 878 880 281 342 373 411 595 611 625 722 800 825 911 286 329 363 379 476 592 600 807 831 336 386 415 590 598 829 834 331 384 402 423 335 444 450 451 467 453 458 
3 8 20 30 33 36 43 54 57 61 63 67 85 106 121 126 128 140 144 147 158 167 183 186 192 193 208 214 233 236 238 240 245 254 260 265 281 286 325 329 331 335 336 342 343 347 351 363 373 376 379 384 386 402 411 415 423 444 450 451 453 458 467 476 478 480 481 497 512 517 529 539 540 542 549 563 590 592 595 598 600 601 608 609 611 616 625 626 631 639 642 643 652 661 663 664 666 667 686 693 696 698 704 722 727 734 735 737 766 767 775 783 789 800 807 811 822 823 825 829 831 834 837 842 849 850 872 876 878 879 880 911 914 919 922 931 935 961 963 982 987 996 997 999 
3 8 20 30 33 36 43 54 57 61 63 67 85 106 121 126 128 140 144 147 158 167 183 186 192 193 208 214 233 236 238 240 245 254 260 265 281 286 325 329 331 335 336 342 343 347 351 363 373 376 379 384 386 402 411 415 423 444 450 451 453 458 467 476 478 480 481 497 512 517 529 539 540 542 549 563 590 592 595 598 600 601 608 609 611 616 625 626 631 639 642 643 652 661 663 664 666 667 686 693 696 698 704 722 727 734 735 737 766 767 775 783 789 800 807 811 822 823 825 829 831 834 837 842 849 850 872 876 878 879 880 911 914 919 922 931 935 961 963 982 987 996 997 999 
3 8 20 30 33 36 43 54 57 61 63 67 85 106 121 126 128 140 144 147 158 167 183 186 192 193 208 214 233 236 238 240 245 254 260 265 281 286 325 329 331 335 336 342 343 347 351 363 373 376 379 384 386 402 411 415 423 444 450 451 453 458 467 476 478 480 481 497 512 517 529 539 540 542 549 563 590 592 595 598 600 601 608 609 611 616 625 626 631 639 642 643 652 661 663 664 666 667 686 693 696 698 704 722 727 734 735 737 766 767 775 783 789 800 807 811 822 823 825 829 831 834 837 842 849 850 872 876 878 879 880 911 914 919 922 931 935 961 963 982 987 996 997 999 
9
3 8 20 30 33 36 43 54 57 61 63 67 85 106 121 126 128 140 144 147 158 167 183 186 192 193 208 214 233 236 238 240 245 254 260 265 281 286 325 329 331 335 336 342 343 347 351 363 373 376 379 384 386 402 411 415 423 444 450 451 453 458 467 476 478 480 481 497 512 517 529 539 540 542 549 563 590 592 595 598 600 601 608 609 611 616 625 626 631 639 642 643 652 661 663 664 666 667 686 693 696 698 704 722 727 734 735 737 766 767 775 783 789 800 807 811 822 823 825 829 831 834 837 842 849 850 872 876 878 879 880 911 914 919 922 931 935 961 963 982 987 996 997 999 
186 639 233 481 236 260 478 343 351 376 411 379 386 402 
186 30 639 8 106 233 872 3 20 63 128 193 481 667 963 54 67 121 144 192 208 236 517 666 850 961 987 33 61 85 126 140 183 214 260 497 540 661 766 919 982 997 36 57 147 240 478 512 529 609 643 664 698 837 914 922 996 999 43 167 238 245 343 480 539 601 631 642 652 663 696 734 789 849 876 931 158 254 265 351 549 608 626 686 727 737 775 822 842 879 935 325 347 376 542 563 616 693 704 735 767 783 811 823 878 880 281 342 373 411 595 611 625 722 800 825 911 286 329 363 379 476 592 600 807 831 336 386 415 590 598 829 834 331 384 402 423 335 444 450 451 467 453 458 
186 30 639 8 106 233 872 3 20 63 128 193 481 667 963 54 67 121 144 192 208 236 517 666 850 961 987 33 61 85 126 140 183 214 260 497 540 661 766 919 982 997 36 57 147 240 478 512 529 609 643 664 698 837 914 922 996 999 43 167 238 245 343 480 539 601 631 642 652 663 696 734 789 849 876 931 158 254 265 351 549 608 626 686 727 737 775 822 842 879 935 325 347 376 542 563 616 693 704 735 767 783 811 823 878 880 281 342 373 411 595 611 625 722 800 825 911 286 329 363 379 476 592 600 807 831 336 386 415 590 598 829 834 331 384 402 423 335 444 450 451 467 453 458 
-1
19
186 30 106 128 144 
186 30 639 8 106 233 872 3 20 63 128 193 481 667 963 54 67 121 144 192 208 236 517 666 850 961 987 33 61 85 126 140 183 214 260 497 540 661 766 919 982 997 36 57 147 240 478 512 529 609 643 664 698 837 914 922 996 999 43 167 238 245 343 480 539 601 631 642 652 663 696 734 789 849 876 931 158 254 265 351 549 608 626 686 727 737 775 822 842 879 935 325 347 376 542 563 616 693 704 735 767 783 811 823 878 880 281 342 373 411 595 611 625 722 800 825 911 286 329 363 379 476 592 600 807 831 336 386 415 590 598 829 834 331 384 402 423 335 444 450 451 467 453 458 
186 30 639 8 106 233 872 3 20 63 128 193 481 667 963 54 67 121 144 192 208 236 517 666 850 961 987 33 61 85 126 140 183 214 260 497 540 661 766 919 982 997 36 57 147 240 478 512 529 609 643 664 698 837 914 922 996 999 43 167 238 245 343 480 539 601 631 642 652 663 696 734 789 849 876 931 158 254 265 351 549 608 626 686 727 737 775 822 842 879 935 325 347 376 542 563 616 693 704 735 767 783 811 823 878 880 281 342 373 411 595 611 625 722 800 825 911 286 329 363 379 476 592 600 807 831 336 386 415 590 598 829 834 331 384 402 423 335 444 450 451 467 453 458 
3 8 20 30 33 36 43 54 57 61 63 67 85 106 121 126 128 140 144 147 158 167 183 186 192 193 208 214 233 236 238 240 245 254 260 265 281 286 325 329 331 335 336 342 343 347 351 363 373 376 379 384 386 402 411 415 423 444 450 451 453 458 467 476 478 480 481 497 512 517 529 539 540 542 549 563 590 592 595 598 600 601 608 609 611 616 625 626 631 639 642 643 652 661 663 664 666 667 686 693 696 698 704 722 727 734 735 737 766 767 775 783 789 800 807 811 822 823 825 829 831 834 837 842 849 850 872 876 878 879 880 911 914 919 922 931 935 961 963 982 987 996 997 999 
186 639 872 963 987 997 996 
186 30 639 8 106 233 872 3 20 63 128 193 481 667 963 54 67 121 144 192 208 236 517 666 850 961 987 33 61 85 126 140 183 214 260 497 540 661 766 919 982 997 36 57 147 240 478 512 529 609 643 664 698 837 914 922 996 999 43 167 238 245 343 480 539 601 631 642 652 663 696 734 789 849 876 931 158 254 265 351 549 608 626 686 727 737 775 822 842 879 935 325 347 376 542 563 616 693 704 735 767 783 811 823 878 880 281 342 373 411 595 611 625 722 800 825 911 286 329 363 379 476 592 600 807 831 336 386 415 590 598 829 834 331 384 402 423 335 444 450 451 467 453 458 
186 639 233 481 236 260 478 343 351 376 
3 8 20 30 33 36 43 54 57 61 63 67 85 106 121 126 128 140 144 147 158 167 183 186 192 193 208 214 233 236 238 240 245 254 260 265 281 286 325 329 331 335 336 342 343 347 351 363 373 376 379 384 386 402 411 415 423 444 450 451 453 458 467 476 478 480 481 497 512 517 529 539 540 542 549 563 590 592 595 598 600 601 608 609 611 616 625 626 631 639 642 643 652 661 663 664 666 667 686 693 696 698 704 722 727 734 735 737 766 767 775 783 789 800 807 811 822 823 825 829 831 834 837 842 849 850 872 876 878 879 880 911 914 919 922 931 935 961 963 982 987 996 997 999 
3 8 20 30 33 36 43 54 57 61 63 67 85 106 121 126 128 140 144 147 158 167 183 186 192 193 208 214 233 236 238 240 245 254 260 265 281 286 325 329 331 335 336 342 343 347 351 363 373 376 379 384 386 402 411 415 423 444 450 451 453 458 467 476 478 480 481 497 512 517 529 539 540 542 549 563 590 592 595 598 600 601 608 609 611 616 625 626 631 639 642 643 652 661 663 664 666 667 686 693 696 698 704 722 727 734 735 737 766 767 775 783 789 800 807 811 822 823 825 829 831 834 837 842 849 850 872 876 878 879 880 911 914 919 922 931 935 961 963 982 987 996 997 999 
186 30 106 63 54 33 36 
186 639 233 481 236 260 240 238 
4
3 8 20 30 33 36 43 54 57 61 63 67 85 106 121 126 128 140 144 147 158 167 183 186 192 193 208 214 233 236 238 240 245 254 260 265 281 286 325 329 331 335 336 342 343 347 351 363 373 376 379 384 386 402 411 415 423 444 450 451 453 458 467 476 478 480 481 497 512 517 529 539 540 542 549 563 590 592 595 598 600 601 608 609 611 616 625 626 631 639 642 643 652 661 663 664 666 667 686 693 696 698 704 722 727 734 735 737 766 767 775 783 789 800 807 811 822 823 825 829 831 834 837 842 849 850 872 876 878 879 880 911 914 919 922 931 935 961 963 982 987 996 997 999 
4
8
3 8 20 30 33 36 43 54 57 61 63 67 85 106 121 126 128 140 144 147 158 167 183 186 192 193 208 214 233 236 238 240 245 254 260 265 281 286 325 329 331 335 336 342 343 347 351 363 373 376 379 384 386 402 411 415 423 444 450 451 453 458 467 476 478 480 481 497 512 517 529 539 540 542 549 563 590 592 595 598 600 601 608 609 611 616 625 626 631 639 642 643 652 661 663 664 666 667 686 693 696 698 704 722 727 734 735 737 766 767 775 783 789 800 807 811 822 823 825 829 831 834 837 842 849 850 872 876 878 879 880 911 914 919 922 931 935 961 963 982 987 996 997 999 
3 8 20 30 33 36 43 54 57 61 63 67 85 106 121 126 128 140 144 147 158 167 183 186 192 193 208 214 233 236 238 240 245 254 260 265 281 286 325 329 331 335 336 342 343 347 351 363 373 376 379 384 386 402 411 415 423 444 450 451 453 458 467 476 478 480 481 497 512 517 529 539 540 542 549 563 590 592 595 598 600 601 608 609 611 616 625 626 631 639 642 643 652 661 663 664 666 667 686 693 696 698 704 722 727 734 735 737 766 767 775 783 789 800 807 811 822 823 825 829 831 834 837 842 849 850 872 876 878 879 880 911 914 919 922 931 935 961 963 982 987 996 997 999 
3 8 20 30 33 36 43 54 57 61 63 67 85 106 121 126 128 140 144 147 158 167 183 186 192 193 208 214 233 236 238 240 245 254 260 265 281 286 325 329 331 335 336 342 343 347 351 363 373 376 379 384 386 402 411 415 423 444 450 451 453 458 467 476 478 480 481 497 512 517 529 539 540 542 549 563 590 592 595 598 600 601 608 609 611 616 625 626 631 639 642 643 652 661 663 664 666 667 686 693 696 698 704 722 727 734 735 737 766 767 775 783 789 800 807 811 822 823 825 829 831 834 837 842 849 850 872 876 878 879 880 911 914 919 922 931 935 961 963 982 987 996 997 999 
8
186 30 639 8 106 233 872 3 20 63 128 193 481 667 963 54 67 121 144 192 208 236 517 666 850 961 987 33 61 85 126 140 183 214 260 497 540 661 766 919 982 997 36 57 147 240 478 512 529 609 643 664 698 837 914 922 996 999 43 167 238 245 343 480 539 601 631 642 652 663 696 734 789 849 876 931 158 254 265 351 549 608 626 686 727 737 775 822 842 879 935 325 347 376 542 563 616 693 704 735 767 783 811 823 878 880 281 342 373 411 595 611 625 722 800 825 911 286 329 363 379 476 592 600 807 831 336 386 415 590 598 829 834 331 384 402 423 335 444 450 451 467 453 458 
186 639 233 481 236 260 240 245 254 
186 639 233 481 236 260 478 343 351 376 411 476 415 423 444 
8
3 8 20 30 33 36 43 54 57 61 63 67 85 106 121 126 128 140 144 147 158 167 183 186 192 193 208 214 233 236 238 240 245 254 260 265 281 286 325 329 331 335 336 342 343 347 351 363 373 376 379 384 386 402 411 415 423 444 450 451 453 458 467 476 478 480 481 497 512 517 529 539 540 542 549 563 590 592 595 598 600 601 608 609 611 616 625 626 631 639 642 643 652 661 663 664 666 667 686 693 696 698 704 722 727 734 735 737 766 767 775 783 789 800 807 811 822 823 825 829 831 834 837 842 849 850 872 876 878 879 880 911 914 919 922 931 935 961 963 982 987 996 997 999 
3 8 20 30 33 36 43 54 57 61 63 67 85 106 121 126 128 140 144 147 158 167 183 186 192 193 208 214 233 236 238 240 245 254 260 265 281 286 325 329 331 335 336 342 343 347 351 363 373 376 379 384 386 402 411 415 423 444 450 451 453 458 467 476 478 480 481 497 512 517 529 539 540 542 549 563 590 592 595 598 600 601 608 609 611 616 625 626 631 639 642 643 652 661 663 664 666 667 686 693 696 698 704 722 727 734 735 737 766 767 775 783 789 800 807 811 822 823 825 829 831 834 837 842 849 850 872 876 878 879 880 911 914 919 922 931 935 961 963 982 987 996 997 999 
186 30 639 8 106 233 872 3 20 63 128 193 481 667 963 54 67 121 144 192 208 236 517 666 850 961 987 33 61 85 126 140 183 214 260 497 540 661 766 919 982 997 36 57 147 240 478 512 529 609 643 664 698 837 914 922 996 999 43 167 238 245 343 480 539 601 631 642 652 663 696 734 789 849 876 931 158 254 265 351 549 608 626 686 727 737 775 822 842 879 935 325 347 376 542 563 616 693 704 735 767 783 811 823 878 880 281 342 373 411 595 611 625 722 800 825 911 286 329 363 379 476 592 600 807 831 336 386 415 590 598 829 834 331 384 402 423 335 444 450 451 467 453 458 
186 30 639 8 106 233 872 3 20 63 128 193 481 667 963 54 67 121 144 192 208 236 517 666 850 961 987 33 61 85 126 140 183 214 260 497 540 661 766 919 982 997 36 57 147 240 478 512 529 609 643 664 698 837 914 922 996 999 43 167 238 245 343 480 539 601 631 642 652 663 696 734 789 849 876 931 158 254 265 351 549 608 626 686 727 737 775 822 842 879 935 325 347 376 542 563 616 693 704 735 767 783 811 823 878 880 281 342 373 411 595 611 625 722 800 825 911 286 329 363 379 476 592 600 807 831 336 386 415 590 598 829 834 331 384 402 423 335 444 450 451 467 453 458 
-1
186 30 639 8 106 233 872 3 20 63 128 193 481 667 963 54 67 121 144 192 208 236 517 666 850 961 987 33 61 85 126 140 183 214 260 497 540 661 766 919 982 997 36 57 147 240 478 512 529 609 643 664 698 837 914 922 996 999 43 167 238 245 343 480 539 601 631 642 652 663 696 734 789 849 876 931 158 254 265 351 549 608 626 686 727 737 775 822 842 879 935 325 347 376 542 563 616 693 704 735 767 783 811 823 878 880 281 342 373 411 595 611 625 722 800 825 911 286 329 363 379 476 592 600 807 831 336 386 415 590 598 829 834 331 384 402 423 335 444 450 451 467 453 458 
3 8 20 30 33 36 43 54 57 61 63 67 85 106 121 126 128 140 144 147 158 167 183 186 192 193 208 214 233 236 238 240 245 254 260 265 281 286 325 329 331 335 336 342 343 347 351 363 373 376 379 384 386 402 411 415 423 444 450 451 453 458 467 476 478 480 481 497 512 517 529 539 540 542 549 563 590 592 595 598 600 601 608 609 611 616 625 626 631 639 642 643 652 661 663 664 666 667 686 693 696 698 704 722 727 734 735 737 766 767 775 783 789 800 807 811 822 823 825 829 831 834 837 842 849 850 872 876 878 879 880 911 914 919 922 931 935 961 963 982 987 996 997 999 
10
186 639 872 963 961 919 914 876 
5
186 639 233 481 236 260 478 343 351 347 
186 30 639 8 106 233 872 3 20 63 128 193 481 667 963 54 67 121 144 192 208 236 517 666 850 961 987 33 61 85 126 140 183 214 260 497 540 661 766 919 982 997 36 57 147 240 478 512 529 609 643 664 698 837 914 922 996 999 43 167 238 245 343 480 539 601 631 642 652 663 696 734 789 849 876 931 158 254 265 351 549 608 626 686 727 737 775 822 842 879 935 325 347 376 542 563 616 693 704 735 767 783 811 823 878 880 281 342 373 411 595 611 625 722 800 825 911 286 329 363 379 476 592 600 807 831 336 386 415 590 598 829 834 331 384 402 423 335 444 450 451 467 453 458 
3 8 20 30 33 36 43 54 57 61 63 67 85 106 121 126 128 140 144 147 158 167 183 186 192 193 208 214 233 236 238 240 245 254 260 265 281 286 325 329 331 335 336 342 343 347 351 363 373 376 379 384 386 402 411 415 423 444 450 451 453 458 467 476 478 480 481 497 512 517 529 539 540 542 549 563 590 592 595 598 600 601 608 609 611 616 625 626 631 639 642 643 652 661 663 664 666 667 686 693 696 698 704 722 727 734 735 737 766 767 775 783 789 800 807 811 822 823 825 829 831 834 837 842 849 850 872 876 878 879 880 911 914 919 922 931 935 961 963 982 987 996 997 999 
186 639 233 481 236 260 478 343 351 376 411 476 415 423 444 X
10
186 30 639 8 106 233 872 3 20 63 128 193 481 667 963 54 67 121 144 192 208 236 517 666 850 961 987 33 61 85 126 140 183 214 260 497 540 661 766 919 982 997 36 57 147 240 478 512 529 609 643 664 698 837 914 922 996 999 43 167 238 245 343 480 539 601 631 642 652 663 696 734 789 849 876 931 158 254 265 351 549 608 626 686 727 737 775 822 842 879 935 325 347 376 542 563 616 693 704 735 767 783 811 823 878 880 281 342 373 411 595 611 625 722 800 825 911 286 329 363 379 476 592 600 807 831 336 386 415 590 598 829 834 331 384 402 423 335 444 450 451 467 453 458 
5
3 8 20 30 33 36 43 54 57 61 63 67 85 106 121 126 128 140 144 147 158 167 183 186 192 193 208 214 233 236 238 240 245 254 260 265 281 286 325 329 331 335 336 342 343 347 351 363 373 376 379 384 386 402 411 415 423 444 450 451 453 458 467 476 478 480 481 497 512 517 529 539 540 542 549 563 590 592 595 598 600 601 608 609 611 616 625 626 631 639 642 643 652 661 663 664 666 667 686 693 696 698 704 722 727 734 735 737 766 767 775 783 789 800 807 811 822 823 825 829 831 834 837 842 849 850 872 876 878 879 880 911 914 919 922 931 935 961 963 982 987 996 997 999 
186 30 639 8 106 233 872 3 20 63 128 193 481 667 963 54 67 121 144 192 208 236 517 666 850 961 987 33 61 85 126 140 183 214 260 497 540 661 766 919 982 997 36 57 147 240 478 512 529 609 643 664 698 837 914 922 996 999 43 167 238 245 343 480 539 601 631 642 652 663 696 734 789 849 876 931 158 254 265 351 549 608 626 686 727 737 775 822 842 879 935 325 347 376 542 563 616 693 704 735 767 783 811 823 878 880 281 342 373 411 595 611 625 722 800 825 911 286 329 363 379 476 592 600 807 831 336 386 415 590 598 829 834 331 384 402 423 335 444 450 451 467 453 458 
3 8 20 30 33 36 43 54 57 61 63 67 85 106 121 126 128 140 144 147 158 167 183 186 192 193 208 214 233 236 238 240 245 254 260 265 281 286 325 329 331 335 336 342 343 347 351 363 373 376 379 384 386 402 411 415 423 444 450 451 453 458 467 476 478 480 481 497 512 517 529 539 540 542 549 563 590 592 595 598 600 601 608 609 611 616 625 626 631 639 642 643 652 661 663 664 666 667 686 693 696 698 704 722 727 734 735 737 766 767 775 783 789 800 807 811 822 823 825 829 831 834 837 842 849 850 872 876 878 879 880 911 914 919 922 931 935 961 963 982 987 996 997 999 
3 8 20 30 33 36 43 54 57 61 63 67 85 106 121 126 128 140 144 147 158 167 183 186 192 193 208 214 233 236 238 240 245 254 260 265 281 286 325 329 331 335 336 342 343 347 351 363 373 376 379 384 386 402 411 415 423 444 450 451 453 458 467 476 478 480 481 497 512 517 529 539 540 542 549 563 590 592 595 598 600 601 608 609 611 616 625 626 631 639 642 643 652 661 663 664 666 667 686 693 696 698 704 722 727 734 735 737 766 767 775 783 789 800 807 811 822 823 825 829 831 834 837 842 849 850 872 876 878 879 880 911 914 919 922 931 935 961 963 982 987 996 997 999 
186 30 639 8 106 233 872 3 20 63 128 193 481 667 963 54 67 121 144 192 208 236 517 666 850 961 987 33 61 85 126 140 183 214 260 497 540 661 766 919 982 997 36 57 147 240 478 512 529 609 643 664 698 837 914 922 996 999 43 167 238 245 343 480 539 601 631 642 652 663 696 734 789 849 876 931 158 254 265 351 549 608 626 686 727 737 775 822 842 879 935 325 347 376 542 563 616 693 704 735 767 783 811 823 878 880 281 342 373 411 595 611 625 722 800 825 911 286 329 363 379 476 592 600 807 831 336 386 415 590 598 829 834 331 384 402 423 335 444 450 451 467 453 458 
7
186 639 872 667 850 766 698 734 
186 639 233 481 236 260 478 343 351 376 411 476 415 423 444 
186 30 639 8 106 233 872 3 20 63 128 193 481 667 963 54 67 121 144 192 208 236 517 666 850 961 987 33 61 85 126 140 183 214 260 497 540 661 766 919 982 997 36 57 147 240 478 512 529 609 643 664 698 837 914 922 996 999 43 167 238 245 343 480 539 601 631 642 652 663 696 734 789 849 876 931 158 254 265 351 549 608 626 686 727 737 775 822 842 879 935 325 347 376 542 563 616 693 704 735 767 783 811 823 878 880 281 342 373 411 595 611 625 722 800 825 911 286 329 363 379 476 592 600 807 831 336 386 415 590 598 829 834 331 384 402 423 335 444 450 451 467 453 458 
3 8 20 30 33 36 43 54 57 61 63 67 85 106 121 126 128 140 144 147 158 167 183 186 192 193 208 214 233 236 238 240 245 254 260 265 281 286 325 329 331 335 336 342 343 347 351 363 373 376 379 384 386 402 411 415 423 444 450 451 453 458 467 476 478 480 481 497 512 517 529 539 540 542 549 563 590 592 595 598 600 601 608 609 611 616 625 626 631 639 642 643 652 661 663 664 666 667 686 693 696 698 704 722 727 734 735 737 766 767 775 783 789 800 807 811 822 823 825 829 831 834 837 842 849 850 872 876 878 879 880 911 914 919 922 931 935 961 963 982 987 996 997 999 
186 639 233 481 517 540 609 631 
186 639 233 481 236 260 478 343 351 376 411 476 415 423 444 450 451 467 453 458 
186 639 872 963 961 919 922 931 935 
4
186 30 639 8 106 233 872 3 20 63 128 193 481 667 963 54 67 121 144 192 208 236 517 666 850 961 987 33 61 85 126 140 183 214 260 497 540 661 766 919 982 997 36 57 147 240 478 512 529 609 643 664 698 837 914 922 996 999 43 167 238 245 343 480 539 601 631 642 652 663 696 734 789 849 876 931 158 254 265 351 549 608 626 686 727 737 775 822 842 879 935 325 347 376 542 563 616 693 704 735 767 783 811 823 878 880 281 342 373 411 595 611 625 722 800 825 911 286 329 363 379 476 592 600 807 831 336 386 415 590 598 829 834 331 384 402 423 335 444 450 451 467 453 458 
-1
186 30 639 8 106 233 872 3 20 63 128 193 481 667 963 54 67 121 144 192 208 236 517 666 850 961 987 33 61 85 126 140 183 214 260 497 540 661 766 919 982 997 36 57 147 240 478 512 529 609 643 664 698 837 914 922 996 999 43 167 238 245 343 480 539 601 631 642 652 663 696 734 789 849 876 931 158 254 265 351 549 608 626 686 727 737 775 822 842 879 935 325 347 376 542 563 616 693 704 735 767 783 811 823 878 880 281 342 373 411 595 611 625 722 800 825 911 286 329 363 379 476 592 600 807 831 336 386 415 590 598 829 834 331 384 402 423 335 444 450 451 467 453 458 
3 8 20 30 33 36 43 54 57 61 63 67 85 106 121 126 128 140 144 147 158 167 183 186 192 193 208 214 233 236 238 240 245 254 260 265 281 286 325 329 331 335 336 342 343 347 351 363 373 376 379 384 386 402 411 415 423 444 450 451 453 458 467 476 478 480 481 497 512 517 529 539 540 542 549 563 590 592 595 598 600 601 608 609 611 616 625 626 631 639 642 643 652 661 663 664 666 667 686 693 696 698 704 722 727 734 735 737 766 767 775 783 789 800 807 811 822 823 825 829 831 834 837 842 849 850 872 876 878 879 880 911 914 919 922 931 935 961 963 982 987 996 997 999 
186 30 639 8 106 233 872 3 20 63 128 193 481 667 963 54 67 121 144 192 208 236 517 666 850 961 987 33 61 85 126 140 183 214 260 497 540 661 766 919 982 997 36 57 147 240 478 512 529 609 643 664 698 837 914 922 996 999 43 167 238 245 343 480 539 601 631 642 652 663 696 734 789 849 876 931 158 254 265 351 549 608 626 686 727 737 775 822 842 879 935 325 347 376 542 563 616 693 704 735 767 783 811 823 878 880 281 342 373 411 595 611 625 722 800 825 911 286 329 363 379 476 592 600 807 831 336 386 415 590 598 829 834 331 384 402 423 335 444 450 451 467 453 458 
3 8 20 30 33 36 43 54 57 61 63 67 85 106 121 126 128 140 144 147 158 167 183 186 192 193 208 214 233 236 238 240 245 254 260 265 281 286 325 329 331 335 336 342 343 347 351 363 373 376 379 384 386 402 411 415 423 444 450 451 453 458 467 476 478 480 481 497 512 517 529 539 540 542 549 563 590 592 595 598 600 601 608 609 611 616 625 626 631 639 642 643 652 661 663 664 666 667 686 693 696 698 704 722 727 734 735 737 766 767 775 783 789 800 807 811 822 823 825 829 831 834 837 842 849 850 872 876 878 879 880 911 914 919 922 931 935 961 963 982 987 996 997 999 
-1
186 639 872 667 850 766 698 696 686 693 
186 30 639 8 106 233 872 3 20 63 128 193 481 667 963 54 67 121 144 192 208 236 517 666 850 961 987 33 61 85 126 140 183 214 260 497 540 661 766 919 982 997 36 57 147 240 478 512 529 609 643 664 698 837 914 922 996 999 43 167 238 245 343 480 539 601 631 642 652 663 696 734 789 849 876 931 158 254 265 351 549 608 626 686 727 737 775 822 842 879 935 325 347 376 542 563 616 693 704 735 767 783 811 823 878 880 281 342 373 411 595 611 625 722 800 825 911 286 329 363 379 476 592 600 807 831 336 386 415 590 598 829 834 331 384 402 423 335 444 450 451 467 453 458 
186 639 233 481 236 260 478 343 265 325 342 329 336 
7
8
186 30 639 8 106 233 872 3 20 63 128 193 481 667 963 54 67 121 144 192 208 236 517 666 850 961 987 33 61 85 126 140 183 214 260 497 540 661 766 919 982 997 36 57 147 240 478 512 529 609 643 664 698 837 914 922 996 999 43 167 238 245 343 480 539 601 631 642 652 663 696 734 789 849 876 931 158 254 265 351 549 608 626 686 727 737 775 822 842 879 935 325 347 376 542 563 616 693 704 735 767 783 811 823 878 880 281 342 373 411 595 611 625 722 800 825 911 286 329 363 379 476 592 600 807 831 336 386 415 590 598 829 834 331 384 402 423 335 444 450 451 467 453 458 
3 8 20 30 33 36 43 54 57 61 63 67 85 106 121 126 128 140 144 147 158 167 183 186 192 193 208 214 233 236 238 240 245 254 260 265 281 286 325 329 331 335 336 342 343 347 351 363 373 376 379 384 386 402 411 415 423 444 450 451 453 458 467 476 478 480 481 497 512 517 529 539 540 542 549 563 590 592 595 598 600 601 608 609 611 616 625 626 631 639 642 643 652 661 663 664 666 667 686 693 696 698 704 722 727 734 735 737 766 767 775 783 789 800 807 811 822 823 825 829 831 834 837 842 849 850 872 876 878 879 880 911 914 919 922 931 935 961 963 982 987 996 997 999 
186 639 233 481 236 260 478 343 351 376 373 363 X
186 639 872 963 961 
7
186 30 639 8 106 233 872 3 20 63 128 193 481 667 963 54 67 121 144 192 208 236 517 666 850 961 987 33 61 85 126 140 183 214 260 497 540 661 766 919 982 997 36 57 147 240 478 512 529 609 643 664 698 837 914 922 996 999 43 167 238 245 343 480 539 601 631 642 652 663 696 734 789 849 876 931 158 254 265 351 549 608 626 686 727 737 775 822 842 879 935 325 347 376 542 563 616 693 704 735 767 783 811 823 878 880 281 342 373 411 595 611 625 722 800 825 911 286 329 363 379 476 592 600 807 831 336 386 415 590 598 829 834 331 384 402 423 335 444 450 451 467 453 458 
186 30 639 8 106 233 872 3 20 63 128 193 481 667 963 54 67 121 144 192 208 236 517 666 850 961 987 33 61 85 126 140 183 214 260 497 540 661 766 919 982 997 36 57 147 240 478 512 529 609 643 664 698 837 914 922 996 999 43 167 238 245 343 480 539 601 631 642 652 663 696 734 789 849 876 931 158 254 265 351 549 608 626 686 727 737 775 822 842 879 935 325 347 376 542 563 616 693 704 735 767 783 811 823 878 880 281 342 373 411 595 611 625 722 800 825 911 286 329 363 379 476 592 600 807 831 336 386 415 590 598 829 834 331 384 402 423 335 444 450 451 467 453 458 
3 8 20 30 33 36 43 54 57 61 63 67 85 106 121 126 128 140 144 147 158 167 183 186 192 193 208 214 233 236 238 240 245 254 260 265 281 286 325 329 331 335 336 342 343 347 351 363 373 376 379 384 386 402 411 415 423 444 450 451 453 458 467 476 478 480 481 497 512 517 529 539 540 542 549 563 590 592 595 598 600 601 608 609 611 616 625 626 631 639 642 643 652 661 663 664 666 667 686 693 696 698 704 722 727 734 735 737 766 767 775 783 789 800 807 811 822 823 825 829 831 834 837 842 849 850 872 876 878 879 880 911 914 919 922 931 935 961 963 982 987 996 997 999 
186 30 639 8 106 233 872 3 20 63 128 193 481 667 963 54 67 121 144 192 208 236 517 666 850 961 987 33 61 85 126 140 183 214 260 497 540 661 766 919 982 997 36 57 147 240 478 512 529 609 643 664 698 837 914 922 996 999 43 167 238 245 343 480 539 601 631 642 652 663 696 734 789 849 876 931 158 254 265 351 549 608 626 686 727 737 775 822 842 879 935 325 347 376 542 563 616 693 704 735 767 783 811 823 878 880 281 342 373 411 595 611 625 722 800 825 911 286 329 363 379 476 592 600 807 831 336 386 415 590 598 829 834 331 384 402 423 335 444 450 451 467 453 458 
3 8 20 30 33 36 43 54 57 61 63 67 85 106 121 126 128 140 144 147 158 167 183 186 192 193 208 214 233 236 238 240 245 254 260 265 281 286 325 329 331 335 336 342 343 347 351 363 373 376 379 384 386 402 411 415 423 444 450 451 453 458 467 476 478 480 481 497 512 517 529 539 540 542 549 563 590 592 595 598 600 601 608 609 611 616 625 626 631 639 642 643 652 661 663 664 666 667 686 693 696 698 704 722 727 734 735 737 766 767 775 783 789 800 807 811 822 823 825 829 831 834 837 842 849 850 872 876 878 879 880 911 914 919 922 931 935 961 963 982 987 996 997 999 
186 639 872 667 850 766 698 734 737 X
8
186 30 639 8 106 233 872 3 20 63 128 193 481 667 963 54 67 121 144 192 208 236 517 666 850 961 987 33 61 85 126 140 183 214 260 497 540 661 766 919 982 997 36 57 147 240 478 512 529 609 643 664 698 837 914 922 996 999 43 167 238 245 343 480 539 601 631 642 652 663 696 734 789 849 876 931 158 254 265 351 549 608 626 686 727 737 775 822 842 879 935 325 347 376 542 563 616 693 704 735 767 783 811 823 878 880 281 342 373 411 595 611 625 722 800 825 911 286 329 363 379 476 592 600 807 831 336 386 415 590 598 829 834 331 384 402 423 335 444 450 451 467 453 458 
186 639 872 667 850 766 698 734 
186 30 639 8 106 233 872 3 20 63 128 193 481 667 963 54 67 121 144 192 208 236 517 666 850 961 987 33 61 85 126 140 183 214 260 497 540 661 766 919 982 997 36 57 147 240 478 512 529 609 643 664 698 837 914 922 996 999 43 167 238 245 343 480 539 601 631 642 652 663 696 734 789 849 876 931 158 254 265 351 549 608 626 686 727 737 775 822 842 879 935 325 347 376 542 563 616 693 704 735 767 783 811 823 878 880 281 342 373 411 595 611 625 722 800 825 911 286 329 363 379 476 592 600 807 831 336 386 415 590 598 829 834 331 384 402 423 335 444 450 451 467 453 458 
186 639 233 481 517 540 609 601 549 563 595 592 590 
3 8 20 30 33 36 43 54 57 61 63 67 85 106 121 126 128 140 144 147 158 167 183 186 192 193 208 214 233 236 238 240 245 254 260 265 281 286 325 329 331 335 336 342 343 347 351 363 373 376 379 384 386 402 411 415 423 444 450 451 453 458 467 476 478 480 481 497 512 517 529 539 540 542 549 563 590 592 595 598 600 601 608 609 611 616 625 626 631 639 642 643 652 661 663 664 666 667 686 693 696 698 704 722 727 734 735 737 766 767 775 783 789 800 807 811 822 823 825 829 831 834 837 842 849 850 872 876 878 879 880 911 914 919 922 931 935 961 963 982 987 996 997 999 
3 8 20 30 33 36 43 54 57 61 63 67 85 106 121 126 128 140 144 147 158 167 183 186 192 193 208 214 233 236 238 240 245 254 260 265 281 286 325 329 331 335 336 342 343 347 351 363 373 376 379 384 386 402 411 415 423 444 450 451 453 458 467 476 478 480 481 497 512 517 529 539 540 542 549 563 590 592 595 598 600 601 608 609 611 616 625 626 631 639 642 643 652 661 663 664 666 667 686 693 696 698 704 722 727 734 735 737 766 767 775 783 789 800 807 811 822 823 825 829 831 834 837 842 849 850 872 876 878 879 880 911 914 919 922 931 935 961 963 982 987 996 997 999 
186 30 639 8 106 233 872 3 20 63 128 193 481 667 963 54 67 121 144 192 208 236 517 666 850 961 987 33 61 85 126 140 183 214 260 497 540 661 766 919 982 997 36 57 147 240 478 512 529 609 643 664 698 837 914 922 996 999 43 167 238 245 343 480 539 601 631 642 652 663 696 734 789 849 876 931 158 254 265 351 549 608 626 686 727 737 775 822 842 879 935 325 347 376 542 563 616 693 704 735 767 783 811 823 878 880 281 342 373 411 595 611 625 722 800 825 911 286 329 363 379 476 592 600 807 831 336 386 415 590 598 829 834 331 384 402 423 335 444 450 451 467 453 458 
186 639 233 481 517 540 609 631 626 X
11
3 8 20 30 33 36 43 54 57 61 63 67 85 106 121 126 128 140 144 147 158 167 183 186 192 193 208 214 233 236 238 240 245 254 260 265 281 286 325 329 331 335 336 342 343 347 351 363 373 376 379 384 386 402 411 415 423 444 450 451 453 458 467 476 478 480 481 497 512 517 529 539 540 542 549 563 590 592 595 598 600 601 608 609 611 616 625 626 631 639 642 643 652 661 663 664 666 667 686 693 696 698 704 722 727 734 735 737 766 767 775 783 789 800 807 811 822 823 825 829 831 834 837 842 849 850 872 876 878 879 880 911 914 919 922 931 935 961 963 982 987 996 997 999 
186 639 233 481 517 540 609 631 626 616 625 
3 8 20 30 33 36 43 54 57 61 63 67 85 106 121 126 128 140 144 147 158 167 183 186 192 193 208 214 233 236 238 240 245 254 260 265 281 286 325 329 331 335 336 342 343 347 351 363 373 376 379 384 386 402 411 415 423 444 450 451 453 458 467 476 478 480 481 497 512 517 529 539 540 542 549 563 590 592 595 598 600 601 608 609 611 616 625 626 631 639 642 643 652 661 663 664 666 667 686 693 696 698 704 722 727 734 735 737 766 767 775 783 789 800 807 811 822 823 825 829 831 834 837 842 849 850 872 876 878 879 880 911 914 919 922 931 935 961 963 982 987 996 997 999 
3 8 20 30 33 36 43 54 57 61 63 67 85 106 121 126 128 140 144 147 158 167 183 186 192 193 208 214 233 236 238 240 245 254 260 265 281 286 325 329 331 335 336 342 343 347 351 363 373 376 379 384 386 402 411 415 423 444 450 451 453 458 467 476 478 480 481 497 512 517 529 539 540 542 549 563 590 592 595 598 600 601 608 609 611 616 625 626 631 639 642 643 652 661 663 664 666 667 686 693 696 698 704 722 727 734 735 737 766 767 775 783 789 800 807 811 822 823 825 829 831 834 837 842 849 850 872 876 878 879 880 911 914 919 922 931 935 961 963 982 987 996 997 999 
3 8 20 30 33 36 43 54 57 61 63 67 85 106 121 126 128 140 144 147 158 167 183 186 192 193 208 214 233 236 238 240 245 254 260 265 281 286 325 329 331 335 336 342 343 347 351 363 373 376 379 384 386 402 411 415 423 444 450 451 453 458 467 476 478 480 481 497 512 517 529 539 540 542 549 563 590 592 595 598 600 601 608 609 611 616 625 626 631 639 642 643 652 661 663 664 666 667 686 693 696 698 704 722 727 734 735 737 766 767 775 783 789 800 807 811 822 823 825 829 831 834 837 842 849 850 872 876 878 879 880 911 914 919 922 931 935 961 963 982 987 996 997 999 
186 639 
186 639 233 481 236 260 478 343 351 376 411 476 415 423 444 
186 639 233 481 236 260 478 
5
186 30 639 8 106 233 872 3 20 63 128 193 481 667 963 54 67 121 144 192 208 236 517 666 850 961 987 33 61 85 126 140 183 214 260 497 540 661 766 919 982 997 36 57 147 240 478 512 529 609 643 664 698 837 914 922 996 999 43 167 238 245 343 480 539 601 631 642 652 663 696 734 789 849 876 931 158 254 265 351 549 608 626 686 727 737 775 822 842 879 935 325 347 376 542 563 616 693 704 735 767 783 811 823 878 880 281 342 373 411 595 611 625 722 800 825 911 286 329 363 379 476 592 600 807 831 336 386 415 590 598 829 834 331 384 402 423 335 444 450 451 467 453 458 
186 639 233 481 
186 30 8 20 
186 639 233 481 517 497 X
-1
186 30 639 8 106 233 872 3 20 63 128 193 481 667 963 54 67 121 144 192 208 236 517 666 850 961 987 33 61 85 126 140 183 214 260 497 540 661 766 919 982 997 36 57 147 240 478 512 529 609 643 664 698 837 914 922 996 999 43 167 238 245 343 480 539 601 631 642 652 663 696 734 789 849 876 931 158 254 265 351 549 608 626 686 727 737 775 822 842 879 935 325 347 376 542 563 616 693 704 735 767 783 811 823 878 880 281 342 373 411 595 611 625 722 800 825 911 286 329 363 379 476 592 600 807 831 336 386 415 590 598 829 834 331 384 402 423 335 444 450 451 467 453 458 
13
186 30 106 128 144 183 147 167 158 X
186 639 233 481 236 260 478 343 351 376 373 363 
186 639 233 481 236 260 478 343 265 325 342 329 336 331 335 X
186 30 639 8 106 233 872 3 20 63 128 193 481 667 963 54 67 121 144 192 208 236 517 666 850 961 987 33 61 85 126 140 183 214 260 497 540 661 766 919 982 997 36 57 147 240 478 512 529 609 643 664 698 837 914 922 996 999 43 167 238 245 343 480 539 601 631 642 652 663 696 734 789 849 876 931 158 254 265 351 549 608 626 686 727 737 775 822 842 879 935 325 347 376 542 563 616 693 704 735 767 783 811 823 878 880 281 342 373 411 595 611 625 722 800 825 911 286 329 363 379 476 592 600 807 831 336 386 415 590 598 829 834 331 384 402 423 335 444 450 451 467 453 458 
186 639 872 963 987 982 
3 8 20 30 33 36 43 54 57 61 63 67 85 106 121 126 128 140 144 147 158 167 183 186 192 193 208 214 233 236 238 240 245 254 260 265 281 286 325 329 331 335 336 342 343 347 351 363 373 376 379 384 386 402 411 415 423 444 450 451 453 458 467 476 478 480 481 497 512 517 529 539 540 542 549 563 590 592 595 598 600 601 608 609 611 616 625 626 631 639 642 643 652 661 663 664 666 667 686 693 696 698 704 722 727 734 735 737 766 767 775 783 789 800 807 811 822 823 825 829 831 834 837 842 849 850 872 876 878 879 880 911 914 919 922 931 935 961 963 982 987 996 997 999 
3 8 20 30 33 36 43 54 57 61 63 67 85 106 121 126 128 140 144 147 158 167 183 186 192 193 208 214 233 236 238 240 245 254 260 265 281 286 325 329 331 335 336 342 343 347 351 363 373 376 379 384 386 402 411 415 423 444 450 451 453 458 467 476 478 480 481 497 512 517 529 539 540 542 549 563 590 592 595 598 600 601 608 609 611 616 625 626 631 639 642 643 652 661 663 664 666 667 686 693 696 698 704 722 727 734 735 737 766 767 775 783 789 800 807 811 822 823 825 829 831 834 837 842 849 850 872 876 878 879 880 911 914 919 922 931 935 961 963 982 987 996 997 999 
186 639 872 667 850 766 837 789 822 811 800 807 X
3 8 20 30 33 36 43 54 57 61 63 67 85 106 121 126 128 140 144 147 158 167 183 186 192 193 208 214 233 236 238 240 245 254 260 265 281 286 325 329 331 335 336 342 343 347 351 363 373 376 379 384 386 402 411 415 423 444 450 451 453 458 467 476 478 480 481 497 512 517 529 539 540 542 549 563 590 592 595 598 600 601 608 609 611 616 625 626 631 639 642 643 652 661 663 664 666 667 686 693 696 698 704 722 727 734 735 737 766 767 775 783 789 800 807 811 822 823 825 829 831 834 837 842 849 850 872 876 878 879 880 911 914 919 922 931 935 961 963 982 987 996 997 999 
186 30 639 8 106 233 872 3 20 63 128 193 481 667 963 54 67 121 144 192 208 236 517 666 850 961 987 33 61 85 126 140 183 214 260 497 540 661 766 919 982 997 36 57 147 240 478 512 529 609 643 664 698 837 914 922 996 999 43 167 238 245 343 480 539 601 631 642 652 663 696 734 789 849 876 931 158 254 265 351 549 608 626 686 727 737 775 822 842 879 935 325 347 376 542 563 616 693 704 735 767 783 811 823 878 880 281 342 373 411 595 611 625 722 800 825 911 286 329 363 379 476 592 600 807 831 336 386 415 590 598 829 834 331 384 402 423 335 444 450 451 467 453 458 
186 639 233 481 517 540 
186 639 872 963 961 
186 639 233 481 517 540 609 601 549 563 595 592 590 
186 639 233 481 236 260 478 343 265 325 281 
6
3 8 20 30 33 36 43 54 57 61 63 67 85 106 121 126 128 140 144 147 158 167 183 186 192 193 208 214 233 236 238 240 245 254 260 265 281 286 325 329 331 335 336 342 343 347 351 363 373 376 379 384 386 402 411 415 423 444 450 451 453 458 467 476 478 480 481 497 512 517 529 539 540 542 549 563 590 592 595 598 600 601 608 609 611 616 625 626 631 639 642 643 652 661 663 664 666 667 686 693 696 698 704 722 727 734 735 737 766 767 775 783 789 800 807 811 822 823 825 829 831 834 837 842 849 850 872 876 878 879 880 911 914 919 922 931 935 961 963 982 987 996 997 999 
