3
-1
-1
10
149 135 118 98 19 23 63 64 77 
149 135 118 122 129 126 
149 225 894 505 597 556 517 
149 225 894 505 389 398 422 403 404 420 
149 225 894 505 597 816 610 753 660 681 739 
149 225 894 505 597 816 881 879 875 849 865 860 X
17
5 8 14 19 21 23 28 42 46 56 57 60 61 63 64 68 77 82 98 100 112 118 122 126 129 135 136 143 146 149 150 161 165 167 169 187 195 198 209 217 225 239 242 247 260 266 274 288 290 295 300 304 308 323 330 343 348 366 377 381 382 385 386 389 396 398 403 404 420 422 423 426 432 438 467 505 511 512 513 517 527 532 536 556 558 565 576 578 581 583 597 610 614 642 643 645 646 660 665 681 685 687 689 690 692 697 703 708 709 726 739 753 762 769 776 783 788 790 797 801 816 833 849 860 865 875 879 881 894 899 905 911 915 919 924 925 929 930 933 934 944 945 971 978 984 992 
5 8 14 19 21 23 28 42 46 56 57 60 61 63 64 68 77 82 98 100 112 118 122 126 129 135 136 143 146 149 150 161 165 167 169 187 195 198 209 217 225 239 242 247 260 266 274 288 290 295 300 304 308 323 330 343 348 366 377 381 382 385 386 389 396 398 403 404 420 422 423 426 432 438 467 505 511 512 513 517 527 532 536 556 558 565 576 578 581 583 597 610 614 642 643 645 646 660 665 681 685 687 689 690 692 697 703 708 709 726 739 753 762 769 776 783 788 790 797 801 816 833 849 860 865 875 879 881 894 899 905 911 915 919 924 925 929 930 933 934 944 945 971 978 984 992 
5 8 14 19 21 23 28 42 46 56 57 60 61 63 64 68 77 82 98 100 112 118 122 126 129 135 136 143 146 149 150 161 165 167 169 187 195 198 209 217 225 239 242 247 260 266 274 288 290 295 300 304 308 323 330 343 348 366 377 381 382 385 386 389 396 398 403 404 420 422 423 426 432 438 467 505 511 512 513 517 527 532 536 556 558 565 576 578 581 583 597 610 614 642 643 645 646 660 665 681 685 687 689 690 692 697 703 708 709 726 739 753 762 769 776 783 788 790 797 801 816 833 849 860 865 875 879 881 894 899 905 911 915 919 924 925 929 930 933 934 944 945 971 978 984 992 
7
149 135 118 98 19 23 63 61 28 42 56 57 60 
5 8 14 19 21 23 28 42 46 56 57 60 61 63 64 68 77 82 98 100 112 118 122 126 129 135 136 143 146 149 150 161 165 167 169 187 195 198 209 217 225 239 242 247 260 266 274 288 290 295 300 304 308 323 330 343 348 366 377 381 382 385 386 389 396 398 403 404 420 422 423 426 432 438 467 505 511 512 513 517 527 532 536 556 558 565 576 578 581 583 597 610 614 642 643 645 646 660 665 681 685 687 689 690 692 697 703 708 709 726 739 753 762 769 776 783 788 790 797 801 816 833 849 860 865 875 879 881 894 899 905 911 915 919 924 925 929 930 933 934 944 945 971 978 984 992 
149 225 894 505 597 816 881 879 875 849 833 X
12
2
12
149 135 118 98 19 23 63 61 28 42 56 46 
6
149 135 225 118 143 195 894 98 122 136 146 165 198 505 915 19 100 129 150 187 209 389 597 905 930 8 23 112 126 161 169 217 348 398 556 816 899 911 929 978 5 14 21 63 167 266 386 396 422 517 576 610 881 924 934 984 61 64 242 304 385 403 426 512 527 565 583 753 879 919 925 933 971 992 28 77 239 247 290 323 377 404 423 432 511 513 536 558 578 660 769 875 945 42 68 82 260 274 295 308 343 366 381 420 467 532 581 646 681 762 801 849 944 56 288 300 330 382 438 614 665 739 788 833 865 46 57 645 708 776 797 860 60 643 687 726 783 790 642 685 703 709 689 697 690 692 
149 225 894 505 389 348 266 304 323 343 
5 8 14 19 21 23 28 42 46 56 57 60 61 63 64 68 77 82 98 100 112 118 122 126 129 135 136 143 146 149 150 161 165 167 169 187 195 198 209 217 225 239 242 247 260 266 274 288 290 295 300 304 308 323 330 343 348 366 377 381 382 385 386 389 396 398 403 404 420 422 423 426 432 438 467 505 511 512 513 517 527 532 536 556 558 565 576 578 581 583 597 610 614 642 643 645 646 660 665 681 685 687 689 690 692 697 703 708 709 726 739 753 762 769 776 783 788 790 797 801 816 833 849 860 865 875 879 881 894 899 905 911 915 919 924 925 929 930 933 934 944 945 971 978 984 992 
149 135 225 118 143 195 894 98 122 136 146 165 198 505 915 19 100 129 150 187 209 389 597 905 930 8 23 112 126 161 169 217 348 398 556 816 899 911 929 978 5 14 21 63 167 266 386 396 422 517 576 610 881 924 934 984 61 64 242 304 385 403 426 512 527 565 583 753 879 919 925 933 971 992 28 77 239 247 290 323 377 404 423 432 511 513 536 558 578 660 769 875 945 42 68 82 260 274 295 308 343 366 381 420 467 532 581 646 681 762 801 849 944 56 288 300 330 382 438 614 665 739 788 833 865 46 57 645 708 776 797 860 60 643 687 726 783 790 642 685 703 709 689 697 690 692 
149 135 225 118 143 195 894 98 122 136 146 165 198 505 915 19 100 129 150 187 209 389 597 905 930 8 23 112 126 161 169 217 348 398 556 816 899 911 929 978 5 14 21 63 167 266 386 396 422 517 576 610 881 924 934 984 61 64 242 304 385 403 426 512 527 565 583 753 879 919 925 933 971 992 28 77 239 247 290 323 377 404 423 432 511 513 536 558 578 660 769 875 945 42 68 82 260 274 295 308 343 366 381 420 467 532 581 646 681 762 801 849 944 56 288 300 330 382 438 614 665 739 788 833 865 46 57 645 708 776 797 860 60 643 687 726 783 790 642 685 703 709 689 697 690 692 
149 225 195 165 187 169 X
3
5
5 8 14 19 21 23 28 42 46 56 57 60 61 63 64 68 77 82 98 100 112 118 122 126 129 135 136 143 146 149 150 161 165 167 169 187 195 198 209 217 225 239 242 247 260 266 274 288 290 295 300 304 308 323 330 343 348 366 377 381 382 385 386 389 396 398 403 404 420 422 423 426 432 438 467 505 511 512 513 517 527 532 536 556 558 565 576 578 581 583 597 610 614 642 643 645 646 660 665 681 685 687 689 690 692 697 703 708 709 726 739 753 762 769 776 783 788 790 797 801 816 833 849 860 865 875 879 881 894 899 905 911 915 919 924 925 929 930 933 934 944 945 971 978 984 992 
9
10
5 8 14 19 21 23 28 42 46 56 57 60 61 63 64 68 77 82 98 100 112 118 122 126 129 135 136 143 146 149 150 161 165 167 169 187 195 198 209 217 225 239 242 247 260 266 274 288 290 295 300 304 308 323 330 343 348 366 377 381 382 385 386 389 396 398 403 404 420 422 423 426 432 438 467 505 511 512 513 517 527 532 536 556 558 565 576 578 581 583 597 610 614 642 643 645 646 660 665 681 685 687 689 690 692 697 703 708 709 726 739 753 762 769 776 783 788 790 797 801 816 833 849 860 865 875 879 881 894 899 905 911 915 919 924 925 929 930 933 934 944 945 971 978 984 992 
5 8 14 19 21 23 28 42 46 56 57 60 61 63 64 68 77 82 98 100 112 118 122 126 129 135 136 143 146 149 150 161 165 167 169 187 195 198 209 217 225 239 242 247 260 266 274 288 290 295 300 304 308 323 330 343 348 366 377 381 382 385 386 389 396 398 403 404 420 422 423 426 432 438 467 505 511 512 513 517 527 532 536 556 558 565 576 578 581 583 597 610 614 642 643 645 646 660 665 681 685 687 689 690 692 697 703 708 709 726 739 753 762 769 776 783 788 790 797 801 816 833 849 860 865 875 879 881 894 899 905 911 915 919 924 925 929 930 933 934 944 945 971 978 984 992 
149 225 894 505 389 348 266 304 323 
149 135 118 98 19 8 
5 8 14 19 21 23 28 42 46 56 57 60 61 63 64 68 77 82 98 100 112 118 122 126 129 135 136 143 146 149 150 161 165 167 169 187 195 198 209 217 225 239 242 247 260 266 274 288 290 295 300 304 308 323 330 343 348 366 377 381 382 385 386 389 396 398 403 404 420 422 423 426 432 438 467 505 511 512 513 517 527 532 536 556 558 565 576 578 581 583 597 610 614 642 643 645 646 660 665 681 685 687 689 690 692 697 703 708 709 726 739 753 762 769 776 783 788 790 797 801 816 833 849 860 865 875 879 881 894 899 905 911 915 919 924 925 929 930 933 934 944 945 971 978 984 992 
5 8 14 19 21 23 28 42 46 56 57 60 61 63 64 68 77 82 98 100 112 118 122 126 129 135 136 143 146 149 150 161 165 167 169 187 195 198 209 217 225 239 242 247 260 266 274 288 290 295 300 304 308 323 330 343 348 366 377 381 382 385 386 389 396 398 403 404 420 422 423 426 432 438 467 505 511 512 513 517 527 532 536 556 558 565 576 578 581 583 597 610 614 642 643 645 646 660 665 681 685 687 689 690 692 697 703 708 709 726 739 753 762 769 776 783 788 790 797 801 816 833 849 860 865 875 879 881 894 899 905 911 915 919 924 925 929 930 933 934 944 945 971 978 984 992 
5 8 14 19 21 23 28 42 46 56 57 60 61 63 64 68 77 82 98 100 112 118 122 126 129 135 136 143 146 149 150 161 165 167 169 187 195 198 209 217 225 239 242 247 260 266 274 288 290 295 300 304 308 323 330 343 348 366 377 381 382 385 386 389 396 398 403 404 420 422 423 426 432 438 467 505 511 512 513 517 527 532 536 556 558 565 576 578 581 583 597 610 614 642 643 645 646 660 665 681 685 687 689 690 692 697 703 708 709 726 739 753 762 769 776 783 788 790 797 801 816 833 849 860 865 875 879 881 894 899 905 911 915 919 924 925 929 930 933 934 944 945 971 978 984 992 
5 8 14 19 21 23 28 42 46 56 57 60 61 63 64 68 77 82 98 100 112 118 122 126 129 135 136 143 146 149 150 161 165 167 169 187 195 198 209 217 225 239 242 247 260 266 274 288 290 295 300 304 308 323 330 343 348 366 377 381 382 385 386 389 396 398 403 404 420 422 423 426 432 438 467 505 511 512 513 517 527 532 536 556 558 565 576 578 581 583 597 610 614 642 643 645 646 660 665 681 685 687 689 690 692 697 703 708 709 726 739 753 762 769 776 783 788 790 797 801 816 833 849 860 865 875 879 881 894 899 905 911 915 919 924 925 929 930 933 934 944 945 971 978 984 992 
149 225 894 505 597 556 576 
149 135 118 98 19 23 63 61 28 42 56 46 X
5 8 14 19 21 23 28 42 46 56 57 60 61 63 64 68 77 82 98 100 112 118 122 126 129 135 136 143 146 149 150 161 165 167 169 187 195 198 209 217 225 239 242 247 260 266 274 288 290 295 300 304 308 323 330 343 348 366 377 381 382 385 386 389 396 398 403 404 420 422 423 426 432 438 467 505 511 512 513 517 527 532 536 556 558 565 576 578 581 583 597 610 614 642 643 645 646 660 665 681 685 687 689 690 692 697 703 708 709 726 739 753 762 769 776 783 788 790 797 801 816 833 849 860 865 875 879 881 894 899 905 911 915 919 924 925 929 930 933 934 944 945 971 978 984 992 
5 8 14 19 21 23 28 42 46 56 57 60 61 63 64 68 77 82 98 100 112 118 122 126 129 135 136 143 146 149 150 161 165 167 169 187 195 198 209 217 225 239 242 247 260 266 274 288 290 295 300 304 308 323 330 343 348 366 377 381 382 385 386 389 396 398 403 404 420 422 423 426 432 438 467 505 511 512 513 517 527 532 536 556 558 565 576 578 581 583 597 610 614 642 643 645 646 660 665 681 685 687 689 690 692 697 703 708 709 726 739 753 762 769 776 783 788 790 797 801 816 833 849 860 865 875 879 881 894 899 905 911 915 919 924 925 929 930 933 934 944 945 971 978 984 992 
4
149 135 225 118 143 195 894 98 122 136 146 165 198 505 915 19 100 129 150 187 209 389 597 905 930 8 23 112 126 161 169 217 348 398 556 816 899 911 929 978 5 14 21 63 167 266 386 396 422 517 576 610 881 924 934 984 61 64 242 304 385 403 426 512 527 565 583 753 879 919 925 933 971 992 28 77 239 247 290 323 377 404 423 432 511 513 536 558 578 660 769 875 945 42 68 82 260 274 295 308 343 366 381 420 467 532 581 646 681 762 801 849 944 56 288 300 330 382 438 614 665 739 788 833 865 46 57 645 708 776 797 860 60 643 687 726 783 790 642 685 703 709 689 697 690 692 
10
149 225 894 505 389 348 386 385 377 366 
149 135 225 118 143 195 894 98 122 136 146 165 198 505 915 19 100 129 150 187 209 389 597 905 930 8 23 112 126 161 169 217 348 398 556 816 899 911 929 978 5 14 21 63 167 266 386 396 422 517 576 610 881 924 934 984 61 64 242 304 385 403 426 512 527 565 583 753 879 919 925 933 971 992 28 77 239 247 290 323 377 404 423 432 511 513 536 558 578 660 769 875 945 42 68 82 260 274 295 308 343 366 381 420 467 532 581 646 681 762 801 849 944 56 288 300 330 382 438 614 665 739 788 833 865 46 57 645 708 776 797 860 60 643 687 726 783 790 642 685 703 709 689 697 690 692 
149 225 894 505 597 556 
149 225 894 505 597 556 576 583 X
149 135 225 118 143 195 894 98 122 136 146 165 198 505 915 19 100 129 150 187 209 389 597 905 930 8 23 112 126 161 169 217 348 398 556 816 899 911 929 978 5 14 21 63 167 266 386 396 422 517 576 610 881 924 934 984 61 64 242 304 385 403 426 512 527 565 583 753 879 919 925 933 971 992 28 77 239 247 290 323 377 404 423 432 511 513 536 558 578 660 769 875 945 42 68 82 260 274 295 308 343 366 381 420 467 532 581 646 681 762 801 849 944 56 288 300 330 382 438 614 665 739 788 833 865 46 57 645 708 776 797 860 60 643 687 726 783 790 642 685 703 709 689 697 690 692 
5 8 14 19 21 23 28 42 46 56 57 60 61 63 64 68 77 82 98 100 112 118 122 126 129 135 136 143 146 149 150 161 165 167 169 187 195 198 209 217 225 239 242 247 260 266 274 288 290 295 300 304 308 323 330 343 348 366 377 381 382 385 386 389 396 398 403 404 420 422 423 426 432 438 467 505 511 512 513 517 527 532 536 556 558 565 576 578 581 583 597 610 614 642 643 645 646 660 665 681 685 687 689 690 692 697 703 708 709 726 739 753 762 769 776 783 788 790 797 801 816 833 849 860 865 875 879 881 894 899 905 911 915 919 924 925 929 930 933 934 944 945 971 978 984 992 
149 135 225 118 143 195 894 98 122 136 146 165 198 505 915 19 100 129 150 187 209 389 597 905 930 8 23 112 126 161 169 217 348 398 556 816 899 911 929 978 5 14 21 63 167 266 386 396 422 517 576 610 881 924 934 984 61 64 242 304 385 403 426 512 527 565 583 753 879 919 925 933 971 992 28 77 239 247 290 323 377 404 423 432 511 513 536 558 578 660 769 875 945 42 68 82 260 274 295 308 343 366 381 420 467 532 581 646 681 762 801 849 944 56 288 300 330 382 438 614 665 739 788 833 865 46 57 645 708 776 797 860 60 643 687 726 783 790 642 685 703 709 689 697 690 692 
149 225 894 505 389 348 266 304 323 343 X
149 135 225 118 143 195 894 98 122 136 146 165 198 505 915 19 100 129 150 187 209 389 597 905 930 8 23 112 126 161 169 217 348 398 556 816 899 911 929 978 5 14 21 63 167 266 386 396 422 517 576 610 881 924 934 984 61 64 242 304 385 403 426 512 527 565 583 753 879 919 925 933 971 992 28 77 239 247 290 323 377 404 423 432 511 513 536 558 578 660 769 875 945 42 68 82 260 274 295 308 343 366 381 420 467 532 581 646 681 762 801 849 944 56 288 300 330 382 438 614 665 739 788 833 865 46 57 645 708 776 797 860 60 643 687 726 783 790 642 685 703 709 689 697 690 692 
5 8 14 19 21 23 28 42 46 56 57 60 61 63 64 68 77 82 98 100 112 118 122 126 129 135 136 143 146 149 150 161 165 167 169 187 195 198 209 217 225 239 242 247 260 266 274 288 290 295 300 304 308 323 330 343 348 366 377 381 382 385 386 389 396 398 403 404 420 422 423 426 432 438 467 505 511 512 513 517 527 532 536 556 558 565 576 578 581 583 597 610 614 642 643 645 646 660 665 681 685 687 689 690 692 697 703 708 709 726 739 753 762 769 776 783 788 790 797 801 816 833 849 860 865 875 879 881 894 899 905 911 915 919 924 925 929 930 933 934 944 945 971 978 984 992 
149 135 118 98 19 8 14 
149 135 225 118 143 195 894 98 122 136 146 165 198 505 915 19 100 129 150 187 209 389 597 905 930 8 23 112 126 161 169 217 348 398 556 816 899 911 929 978 5 14 21 63 167 266 386 396 422 517 576 610 881 924 934 984 61 64 242 304 385 403 426 512 527 565 583 753 879 919 925 933 971 992 28 77 239 247 290 323 377 404 423 432 511 513 536 558 578 660 769 875 945 42 68 82 260 274 295 308 343 366 381 420 467 532 581 646 681 762 801 849 944 56 288 300 330 382 438 614 665 739 788 833 865 46 57 645 708 776 797 860 60 643 687 726 783 790 642 685 703 709 689 697 690 692 
149 135 225 118 143 195 894 98 122 136 146 165 198 505 915 19 100 129 150 187 209 389 597 905 930 8 23 112 126 161 169 217 348 398 556 816 899 911 929 978 5 14 21 63 167 266 386 396 422 517 576 610 881 924 934 984 61 64 242 304 385 403 426 512 527 565 583 753 879 919 925 933 971 992 28 77 239 247 290 323 377 404 423 432 511 513 536 558 578 660 769 875 945 42 68 82 260 274 295 308 343 366 381 420 467 532 581 646 681 762 801 849 944 56 288 300 330 382 438 614 665 739 788 833 865 46 57 645 708 776 797 860 60 643 687 726 783 790 642 685 703 709 689 697 690 692 
149 135 225 118 143 195 894 98 122 136 146 165 198 505 915 19 100 129 150 187 209 389 597 905 930 8 23 112 126 161 169 217 348 398 556 816 899 911 929 978 5 14 21 63 167 266 386 396 422 517 576 610 881 924 934 984 61 64 242 304 385 403 426 512 527 565 583 753 879 919 925 933 971 992 28 77 239 247 290 323 377 404 423 432 511 513 536 558 578 660 769 875 945 42 68 82 260 274 295 308 343 366 381 420 467 532 581 646 681 762 801 849 944 56 288 300 330 382 438 614 665 739 788 833 865 46 57 645 708 776 797 860 60 643 687 726 783 790 642 685 703 709 689 697 690 692 
149 135 225 118 143 195 894 98 122 136 146 165 198 505 915 19 100 129 150 187 209 389 597 905 930 8 23 112 126 161 169 217 348 398 556 816 899 911 929 978 5 14 21 63 167 266 386 396 422 517 576 610 881 924 934 984 61 64 242 304 385 403 426 512 527 565 583 753 879 919 925 933 971 992 28 77 239 247 290 323 377 404 423 432 511 513 536 558 578 660 769 875 945 42 68 82 260 274 295 308 343 366 381 420 467 532 581 646 681 762 801 849 944 56 288 300 330 382 438 614 665 739 788 833 865 46 57 645 708 776 797 860 60 643 687 726 783 790 642 685 703 709 689 697 690 692 
-1
149 135 225 118 143 195 894 98 122 136 146 165 198 505 915 19 100 129 150 187 209 389 597 905 930 8 23 112 126 161 169 217 348 398 556 816 899 911 929 978 5 14 21 63 167 266 386 396 422 517 576 610 881 924 934 984 61 64 242 304 385 403 426 512 527 565 583 753 879 919 925 933 971 992 28 77 239 247 290 323 377 404 423 432 511 513 536 558 578 660 769 875 945 42 68 82 260 274 295 308 343 366 381 420 467 532 581 646 681 762 801 849 944 56 288 300 330 382 438 614 665 739 788 833 865 46 57 645 708 776 797 860 60 643 687 726 783 790 642 685 703 709 689 697 690 692 
12
10
5 8 14 19 21 23 28 42 46 56 57 60 61 63 64 68 77 82 98 100 112 118 122 126 129 135 136 143 146 149 150 161 165 167 169 187 195 198 209 217 225 239 242 247 260 266 274 288 290 295 300 304 308 323 330 343 348 366 377 381 382 385 386 389 396 398 403 404 420 422 423 426 432 438 467 505 511 512 513 517 527 532 536 556 558 565 576 578 581 583 597 610 614 642 643 645 646 660 665 681 685 687 689 690 692 697 703 708 709 726 739 753 762 769 776 783 788 790 797 801 816 833 849 860 865 875 879 881 894 899 905 911 915 919 924 925 929 930 933 934 944 945 971 978 984 992 
149 135 225 118 143 195 894 98 122 136 146 165 198 505 915 19 100 129 150 187 209 389 597 905 930 8 23 112 126 161 169 217 348 398 556 816 899 911 929 978 5 14 21 63 167 266 386 396 422 517 576 610 881 924 934 984 61 64 242 304 385 403 426 512 527 565 583 753 879 919 925 933 971 992 28 77 239 247 290 323 377 404 423 432 511 513 536 558 578 660 769 875 945 42 68 82 260 274 295 308 343 366 381 420 467 532 581 646 681 762 801 849 944 56 288 300 330 382 438 614 665 739 788 833 865 46 57 645 708 776 797 860 60 643 687 726 783 790 642 685 703 709 689 697 690 692 
5 8 14 19 21 23 28 42 46 56 57 60 61 63 64 68 77 82 98 100 112 118 122 126 129 135 136 143 146 149 150 161 165 167 169 187 195 198 209 217 225 239 242 247 260 266 274 288 290 295 300 304 308 323 330 343 348 366 377 381 382 385 386 389 396 398 403 404 420 422 423 426 432 438 467 505 511 512 513 517 527 532 536 556 558 565 576 578 581 583 597 610 614 642 643 645 646 660 665 681 685 687 689 690 692 697 703 708 709 726 739 753 762 769 776 783 788 790 797 801 816 833 849 860 865 875 879 881 894 899 905 911 915 919 924 925 929 930 933 934 944 945 971 978 984 992 
5 8 14 19 21 23 28 42 46 56 57 60 61 63 64 68 77 82 98 100 112 118 122 126 129 135 136 143 146 149 150 161 165 167 169 187 195 198 209 217 225 239 242 247 260 266 274 288 290 295 300 304 308 323 330 343 348 366 377 381 382 385 386 389 396 398 403 404 420 422 423 426 432 438 467 505 511 512 513 517 527 532 536 556 558 565 576 578 581 583 597 610 614 642 643 645 646 660 665 681 685 687 689 690 692 697 703 708 709 726 739 753 762 769 776 783 788 790 797 801 816 833 849 860 865 875 879 881 894 899 905 911 915 919 924 925 929 930 933 934 944 945 971 978 984 992 
149 135 225 118 143 195 894 98 122 136 146 165 198 505 915 19 100 129 150 187 209 389 597 905 930 8 23 112 126 161 169 217 348 398 556 816 899 911 929 978 5 14 21 63 167 266 386 396 422 517 576 610 881 924 934 984 61 64 242 304 385 403 426 512 527 565 583 753 879 919 925 933 971 992 28 77 239 247 290 323 377 404 423 432 511 513 536 558 578 660 769 875 945 42 68 82 260 274 295 308 343 366 381 420 467 532 581 646 681 762 801 849 944 56 288 300 330 382 438 614 665 739 788 833 865 46 57 645 708 776 797 860 60 643 687 726 783 790 642 685 703 709 689 697 690 692 
149 135 118 98 19 23 63 61 28 
5 8 14 19 21 23 28 42 46 56 57 60 61 63 64 68 77 82 98 100 112 118 122 126 129 135 136 143 146 149 150 161 165 167 169 187 195 198 209 217 225 239 242 247 260 266 274 288 290 295 300 304 308 323 330 343 348 366 377 381 382 385 386 389 396 398 403 404 420 422 423 426 432 438 467 505 511 512 513 517 527 532 536 556 558 565 576 578 581 583 597 610 614 642 643 645 646 660 665 681 685 687 689 690 692 697 703 708 709 726 739 753 762 769 776 783 788 790 797 801 816 833 849 860 865 875 879 881 894 899 905 911 915 919 924 925 929 930 933 934 944 945 971 978 984 992 
5 8 14 19 21 23 28 42 46 56 57 60 61 63 64 68 77 82 98 100 112 118 122 126 129 135 136 143 146 149 150 161 165 167 169 187 195 198 209 217 225 239 242 247 260 266 274 288 290 295 300 304 308 323 330 343 348 366 377 381 382 385 386 389 396 398 403 404 420 422 423 426 432 438 467 505 511 512 513 517 527 532 536 556 558 565 576 578 581 583 597 610 614 642 643 645 646 660 665 681 685 687 689 690 692 697 703 708 709 726 739 753 762 769 776 783 788 790 797 801 816 833 849 860 865 875 879 881 894 899 905 911 915 919 924 925 929 930 933 934 944 945 971 978 984 992 
11
7
3
149 135 225 118 143 195 894 98 122 136 146 165 198 505 915 19 100 129 150 187 209 389 597 905 930 8 23 112 126 161 169 217 348 398 556 816 899 911 929 978 5 14 21 63 167 266 386 396 422 517 576 610 881 924 934 984 61 64 242 304 385 403 426 512 527 565 583 753 879 919 925 933 971 992 28 77 239 247 290 323 377 404 423 432 511 513 536 558 578 660 769 875 945 42 68 82 260 274 295 308 343 366 381 420 467 532 581 646 681 762 801 849 944 56 288 300 330 382 438 614 665 739 788 833 865 46 57 645 708 776 797 860 60 643 687 726 783 790 642 685 703 709 689 697 690 692 
5 8 14 19 21 23 28 42 46 56 57 60 61 63 64 68 77 82 98 100 112 118 122 126 129 135 136 143 146 149 150 161 165 167 169 187 195 198 209 217 225 239 242 247 260 266 274 288 290 295 300 304 308 323 330 343 348 366 377 381 382 385 386 389 396 398 403 404 420 422 423 426 432 438 467 505 511 512 513 517 527 532 536 556 558 565 576 578 581 583 597 610 614 642 643 645 646 660 665 681 685 687 689 690 692 697 703 708 709 726 739 753 762 769 776 783 788 790 797 801 816 833 849 860 865 875 879 881 894 899 905 911 915 919 924 925 929 930 933 934 944 945 971 978 984 992 
149 135 143 146 
149 135 225 118 143 195 894 98 122 136 146 165 198 505 915 19 100 129 150 187 209 389 597 905 930 8 23 112 126 161 169 217 348 398 556 816 899 911 929 978 5 14 21 63 167 266 386 396 422 517 576 610 881 924 934 984 61 64 242 304 385 403 426 512 527 565 583 753 879 919 925 933 971 992 28 77 239 247 290 323 377 404 423 432 511 513 536 558 578 660 769 875 945 42 68 82 260 274 295 308 343 366 381 420 467 532 581 646 681 762 801 849 944 56 288 300 330 382 438 614 665 739 788 833 865 46 57 645 708 776 797 860 60 643 687 726 783 790 642 685 703 709 689 697 690 692 
5 8 14 19 21 23 28 42 46 56 57 60 61 63 64 68 77 82 98 100 112 118 122 126 129 135 136 143 146 149 150 161 165 167 169 187 195 198 209 217 225 239 242 247 260 266 274 288 290 295 300 304 308 323 330 343 348 366 377 381 382 385 386 389 396 398 403 404 420 422 423 426 432 438 467 505 511 512 513 517 527 532 536 556 558 565 576 578 581 583 597 610 614 642 643 645 646 660 665 681 685 687 689 690 692 697 703 708 709 726 739 753 762 769 776 783 788 790 797 801 816 833 849 860 865 875 879 881 894 899 905 911 915 919 924 925 929 930 933 934 944 945 971 978 984 992 
5 8 14 19 21 23 28 42 46 56 57 60 61 63 64 68 77 82 98 100 112 118 122 126 129 135 136 143 146 149 150 161 165 167 169 187 195 198 209 217 225 239 242 247 260 266 274 288 290 295 300 304 308 323 330 343 348 366 377 381 382 385 386 389 396 398 403 404 420 422 423 426 432 438 467 505 511 512 513 517 527 532 536 556 558 565 576 578 581 583 597 610 614 642 643 645 646 660 665 681 685 687 689 690 692 697 703 708 709 726 739 753 762 769 776 783 788 790 797 801 816 833 849 860 865 875 879 881 894 899 905 911 915 919 924 925 929 930 933 934 944 945 971 978 984 992 
-1
5 8 14 19 21 23 28 42 46 56 57 60 61 63 64 68 77 82 98 100 112 118 122 126 129 135 136 143 146 149 150 161 165 167 169 187 195 198 209 217 225 239 242 247 260 266 274 288 290 295 300 304 308 323 330 343 348 366 377 381 382 385 386 389 396 398 403 404 420 422 423 426 432 438 467 505 511 512 513 517 527 532 536 556 558 565 576 578 581 583 597 610 614 642 643 645 646 660 665 681 685 687 689 690 692 697 703 708 709 726 739 753 762 769 776 783 788 790 797 801 816 833 849 860 865 875 879 881 894 899 905 911 915 919 924 925 929 930 933 934 944 945 971 978 984 992 
5 8 14 19 21 23 28 42 46 56 57 60 61 63 64 68 77 82 98 100 112 118 122 126 129 135 136 143 146 149 150 161 165 167 169 187 195 198 209 217 225 239 242 247 260 266 274 288 290 295 300 304 308 323 330 343 348 366 377 381 382 385 386 389 396 398 403 404 420 422 423 426 432 438 467 505 511 512 513 517 527 532 536 556 558 565 576 578 581 583 597 610 614 642 643 645 646 660 665 681 685 687 689 690 692 697 703 708 709 726 739 753 762 769 776 783 788 790 797 801 816 833 849 860 865 875 879 881 894 899 905 911 915 919 924 925 929 930 933 934 944 945 971 978 984 992 
149 225 894 505 597 816 610 753 769 801 
15
149 225 894 505 389 348 386 
149 225 894 505 597 556 517 527 536 X
149 135 225 118 143 195 894 98 122 136 146 165 198 505 915 19 100 129 150 187 209 389 597 905 930 8 23 112 126 161 169 217 348 398 556 816 899 911 929 978 5 14 21 63 167 266 386 396 422 517 576 610 881 924 934 984 61 64 242 304 385 403 426 512 527 565 583 753 879 919 925 933 971 992 28 77 239 247 290 323 377 404 423 432 511 513 536 558 578 660 769 875 945 42 68 82 260 274 295 308 343 366 381 420 467 532 581 646 681 762 801 849 944 56 288 300 330 382 438 614 665 739 788 833 865 46 57 645 708 776 797 860 60 643 687 726 783 790 642 685 703 709 689 697 690 692 
6
5 8 14 19 21 23 28 42 46 56 57 60 61 63 64 68 77 82 98 100 112 118 122 126 129 135 136 143 146 149 150 161 165 167 169 187 195 198 209 217 225 239 242 247 260 266 274 288 290 295 300 304 308 323 330 343 348 366 377 381 382 385 386 389 396 398 403 404 420 422 423 426 432 438 467 505 511 512 513 517 527 532 536 556 558 565 576 578 581 583 597 610 614 642 643 645 646 660 665 681 685 687 689 690 692 697 703 708 709 726 739 753 762 769 776 783 788 790 797 801 816 833 849 860 865 875 879 881 894 899 905 911 915 919 924 925 929 930 933 934 944 945 971 978 984 992 
13
149 135 225 118 143 195 894 98 122 136 146 165 198 505 915 19 100 129 150 187 209 389 597 905 930 8 23 112 126 161 169 217 348 398 556 816 899 911 929 978 5 14 21 63 167 266 386 396 422 517 576 610 881 924 934 984 61 64 242 304 385 403 426 512 527 565 583 753 879 919 925 933 971 992 28 77 239 247 290 323 377 404 423 432 511 513 536 558 578 660 769 875 945 42 68 82 260 274 295 308 343 366 381 420 467 532 581 646 681 762 801 849 944 56 288 300 330 382 438 614 665 739 788 833 865 46 57 645 708 776 797 860 60 643 687 726 783 790 642 685 703 709 689 697 690 692 
149 135 225 118 143 195 894 98 122 136 146 165 198 505 915 19 100 129 150 187 209 389 597 905 930 8 23 112 126 161 169 217 348 398 556 816 899 911 929 978 5 14 21 63 167 266 386 396 422 517 576 610 881 924 934 984 61 64 242 304 385 403 426 512 527 565 583 753 879 919 925 933 971 992 28 77 239 247 290 323 377 404 423 432 511 513 536 558 578 660 769 875 945 42 68 82 260 274 295 308 343 366 381 420 467 532 581 646 681 762 801 849 944 56 288 300 330 382 438 614 665 739 788 833 865 46 57 645 708 776 797 860 60 643 687 726 783 790 642 685 703 709 689 697 690 692 
149 135 225 118 143 195 894 98 122 136 146 165 198 505 915 19 100 129 150 187 209 389 597 905 930 8 23 112 126 161 169 217 348 398 556 816 899 911 929 978 5 14 21 63 167 266 386 396 422 517 576 610 881 924 934 984 61 64 242 304 385 403 426 512 527 565 583 753 879 919 925 933 971 992 28 77 239 247 290 323 377 404 423 432 511 513 536 558 578 660 769 875 945 42 68 82 260 274 295 308 343 366 381 420 467 532 581 646 681 762 801 849 944 56 288 300 330 382 438 614 665 739 788 833 865 46 57 645 708 776 797 860 60 643 687 726 783 790 642 685 703 709 689 697 690 692 
149 135 225 118 143 195 894 98 122 136 146 165 198 505 915 19 100 129 150 187 209 389 597 905 930 8 23 112 126 161 169 217 348 398 556 816 899 911 929 978 5 14 21 63 167 266 386 396 422 517 576 610 881 924 934 984 61 64 242 304 385 403 426 512 527 565 583 753 879 919 925 933 971 992 28 77 239 247 290 323 377 404 423 432 511 513 536 558 578 660 769 875 945 42 68 82 260 274 295 308 343 366 381 420 467 532 581 646 681 762 801 849 944 56 288 300 330 382 438 614 665 739 788 833 865 46 57 645 708 776 797 860 60 643 687 726 783 790 642 685 703 709 689 697 690 692 
149 225 894 
149 135 225 118 143 195 894 98 122 136 146 165 198 505 915 19 100 129 150 187 209 389 597 905 930 8 23 112 126 161 169 217 348 398 556 816 899 911 929 978 5 14 21 63 167 266 386 396 422 517 576 610 881 924 934 984 61 64 242 304 385 403 426 512 527 565 583 753 879 919 925 933 971 992 28 77 239 247 290 323 377 404 423 432 511 513 536 558 578 660 769 875 945 42 68 82 260 274 295 308 343 366 381 420 467 532 581 646 681 762 801 849 944 56 288 300 330 382 438 614 665 739 788 833 865 46 57 645 708 776 797 860 60 643 687 726 783 790 642 685 703 709 689 697 690 692 
149 135 225 118 143 195 894 98 122 136 146 165 198 505 915 19 100 129 150 187 209 389 597 905 930 8 23 112 126 161 169 217 348 398 556 816 899 911 929 978 5 14 21 63 167 266 386 396 422 517 576 610 881 924 934 984 61 64 242 304 385 403 426 512 527 565 583 753 879 919 925 933 971 992 28 77 239 247 290 323 377 404 423 432 511 513 536 558 578 660 769 875 945 42 68 82 260 274 295 308 343 366 381 420 467 532 581 646 681 762 801 849 944 56 288 300 330 382 438 614 665 739 788 833 865 46 57 645 708 776 797 860 60 643 687 726 783 790 642 685 703 709 689 697 690 692 
10
149 225 195 
149 135 225 118 143 195 894 98 122 136 146 165 198 505 915 19 100 129 150 187 209 389 597 905 930 8 23 112 126 161 169 217 348 398 556 816 899 911 929 978 5 14 21 63 167 266 386 396 422 517 576 610 881 924 934 984 61 64 242 304 385 403 426 512 527 565 583 753 879 919 925 933 971 992 28 77 239 247 290 323 377 404 423 432 511 513 536 558 578 660 769 875 945 42 68 82 260 274 295 308 343 366 381 420 467 532 581 646 681 762 801 849 944 56 288 300 330 382 438 614 665 739 788 833 865 46 57 645 708 776 797 860 60 643 687 726 783 790 642 685 703 709 689 697 690 692 
149 135 225 118 143 195 894 98 122 136 146 165 198 505 915 19 100 129 150 187 209 389 597 905 930 8 23 112 126 161 169 217 348 398 556 816 899 911 929 978 5 14 21 63 167 266 386 396 422 517 576 610 881 924 934 984 61 64 242 304 385 403 426 512 527 565 583 753 879 919 925 933 971 992 28 77 239 247 290 323 377 404 423 432 511 513 536 558 578 660 769 875 945 42 68 82 260 274 295 308 343 366 381 420 467 532 581 646 681 762 801 849 944 56 288 300 330 382 438 614 665 739 788 833 865 46 57 645 708 776 797 860 60 643 687 726 783 790 642 685 703 709 689 697 690 692 
5 8 14 19 21 23 28 42 46 56 57 60 61 63 64 68 77 82 98 100 112 118 122 126 129 135 136 143 146 149 150 161 165 167 169 187 195 198 209 217 225 239 242 247 260 266 274 288 290 295 300 304 308 323 330 343 348 366 377 381 382 385 386 389 396 398 403 404 420 422 423 426 432 438 467 505 511 512 513 517 527 532 536 556 558 565 576 578 581 583 597 610 614 642 643 645 646 660 665 681 685 687 689 690 692 697 703 708 709 726 739 753 762 769 776 783 788 790 797 801 816 833 849 860 865 875 879 881 894 899 905 911 915 919 924 925 929 930 933 934 944 945 971 978 984 992 
5 8 14 19 21 23 28 42 46 56 57 60 61 63 64 68 77 82 98 100 112 118 122 126 129 135 136 143 146 149 150 161 165 167 169 187 195 198 209 217 225 239 242 247 260 266 274 288 290 295 300 304 308 323 330 343 348 366 377 381 382 385 386 389 396 398 403 404 420 422 423 426 432 438 467 505 511 512 513 517 527 532 536 556 558 565 576 578 581 583 597 610 614 642 643 645 646 660 665 681 685 687 689 690 692 697 703 708 709 726 739 753 762 769 776 783 788 790 797 801 816 833 849 860 865 875 879 881 894 899 905 911 915 919 924 925 929 930 933 934 944 945 971 978 984 992 
149 225 894 505 597 816 610 753 769 762 
5 8 14 19 21 23 28 42 46 56 57 60 61 63 64 68 77 82 98 100 112 118 122 126 129 135 136 143 146 149 150 161 165 167 169 187 195 198 209 217 225 239 242 247 260 266 274 288 290 295 300 304 308 323 330 343 348 366 377 381 382 385 386 389 396 398 403 404 420 422 423 426 432 438 467 505 511 512 513 517 527 532 536 556 558 565 576 578 581 583 597 610 614 642 643 645 646 660 665 681 685 687 689 690 692 697 703 708 709 726 739 753 762 769 776 783 788 790 797 801 816 833 849 860 865 875 879 881 894 899 905 911 915 919 924 925 929 930 933 934 944 945 971 978 984 992 
5 8 14 19 21 23 28 42 46 56 57 60 61 63 64 68 77 82 98 100 112 118 122 126 129 135 136 143 146 149 150 161 165 167 169 187 195 198 209 217 225 239 242 247 260 266 274 288 290 295 300 304 308 323 330 343 348 366 377 381 382 385 386 389 396 398 403 404 420 422 423 426 432 438 467 505 511 512 513 517 527 532 536 556 558 565 576 578 581 583 597 610 614 642 643 645 646 660 665 681 685 687 689 690 692 697 703 708 709 726 739 753 762 769 776 783 788 790 797 801 816 833 849 860 865 875 879 881 894 899 905 911 915 919 924 925 929 930 933 934 944 945 971 978 984 992 
149 135 225 118 143 195 894 98 122 136 146 165 198 505 915 19 100 129 150 187 209 389 597 905 930 8 23 112 126 161 169 217 348 398 556 816 899 911 929 978 5 14 21 63 167 266 386 396 422 517 576 610 881 924 934 984 61 64 242 304 385 403 426 512 527 565 583 753 879 919 925 933 971 992 28 77 239 247 290 323 377 404 423 432 511 513 536 558 578 660 769 875 945 42 68 82 260 274 295 308 343 366 381 420 467 532 581 646 681 762 801 849 944 56 288 300 330 382 438 614 665 739 788 833 865 46 57 645 708 776 797 860 60 643 687 726 783 790 642 685 703 709 689 697 690 692 
149 225 894 505 597 816 610 753 660 646 614 
8
5 8 14 19 21 23 28 42 46 56 57 60 61 63 64 68 77 82 98 100 112 118 122 126 129 135 136 143 146 149 150 161 165 167 169 187 195 198 209 217 225 239 242 247 260 266 274 288 290 295 300 304 308 323 330 343 348 366 377 381 382 385 386 389 396 398 403 404 420 422 423 426 432 438 467 505 511 512 513 517 527 532 536 556 558 565 576 578 581 583 597 610 614 642 643 645 646 660 665 681 685 687 689 690 692 697 703 708 709 726 739 753 762 769 776 783 788 790 797 801 816 833 849 860 865 875 879 881 894 899 905 911 915 919 924 925 929 930 933 934 944 945 971 978 984 992 
149 135 225 118 143 195 894 98 122 136 146 165 198 505 915 19 100 129 150 187 209 389 597 905 930 8 23 112 126 161 169 217 348 398 556 816 899 911 929 978 5 14 21 63 167 266 386 396 422 517 576 610 881 924 934 984 61 64 242 304 385 403 426 512 527 565 583 753 879 919 925 933 971 992 28 77 239 247 290 323 377 404 423 432 511 513 536 558 578 660 769 875 945 42 68 82 260 274 295 308 343 366 381 420 467 532 581 646 681 762 801 849 944 56 288 300 330 382 438 614 665 739 788 833 865 46 57 645 708 776 797 860 60 643 687 726 783 790 642 685 703 709 689 697 690 692 
149 135 225 118 143 195 894 98 122 136 146 165 198 505 915 19 100 129 150 187 209 389 597 905 930 8 23 112 126 161 169 217 348 398 556 816 899 911 929 978 5 14 21 63 167 266 386 396 422 517 576 610 881 924 934 984 61 64 242 304 385 403 426 512 527 565 583 753 879 919 925 933 971 992 28 77 239 247 290 323 377 404 423 432 511 513 536 558 578 660 769 875 945 42 68 82 260 274 295 308 343 366 381 420 467 532 581 646 681 762 801 849 944 56 288 300 330 382 438 614 665 739 788 833 865 46 57 645 708 776 797 860 60 643 687 726 783 790 642 685 703 709 689 697 690 692 
149 135 225 118 143 195 894 98 122 136 146 165 198 505 915 19 100 129 150 187 209 389 597 905 930 8 23 112 126 161 169 217 348 398 556 816 899 911 929 978 5 14 21 63 167 266 386 396 422 517 576 610 881 924 934 984 61 64 242 304 385 403 426 512 527 565 583 753 879 919 925 933 971 992 28 77 239 247 290 323 377 404 423 432 511 513 536 558 578 660 769 875 945 42 68 82 260 274 295 308 343 366 381 420 467 532 581 646 681 762 801 849 944 56 288 300 330 382 438 614 665 739 788 833 865 46 57 645 708 776 797 860 60 643 687 726 783 790 642 685 703 709 689 697 690 692 
149 135 225 118 143 195 894 98 122 136 146 165 198 505 915 19 100 129 150 187 209 389 597 905 930 8 23 112 126 161 169 217 348 398 556 816 899 911 929 978 5 14 21 63 167 266 386 396 422 517 576 610 881 924 934 984 61 64 242 304 385 403 426 512 527 565 583 753 879 919 925 933 971 992 28 77 239 247 290 323 377 404 423 432 511 513 536 558 578 660 769 875 945 42 68 82 260 274 295 308 343 366 381 420 467 532 581 646 681 762 801 849 944 56 288 300 330 382 438 614 665 739 788 833 865 46 57 645 708 776 797 860 60 643 687 726 783 790 642 685 703 709 689 697 690 692 
149 135 118 98 19 23 63 64 
5 8 14 19 21 23 28 42 46 56 57 60 61 63 64 68 77 82 98 100 112 118 122 126 129 135 136 143 146 149 150 161 165 167 169 187 195 198 209 217 225 239 242 247 260 266 274 288 290 295 300 304 308 323 330 343 348 366 377 381 382 385 386 389 396 398 403 404 420 422 423 426 432 438 467 505 511 512 513 517 527 532 536 556 558 565 576 578 581 583 597 610 614 642 643 645 646 660 665 681 685 687 689 690 692 697 703 708 709 726 739 753 762 769 776 783 788 790 797 801 816 833 849 860 865 875 879 881 894 899 905 911 915 919 924 925 929 930 933 934 944 945 971 978 984 992 
149 225 195 198 209 217 X
149 135 225 118 143 195 894 98 122 136 146 165 198 505 915 19 100 129 150 187 209 389 597 905 930 8 23 112 126 161 169 217 348 398 556 816 899 911 929 978 5 14 21 63 167 266 386 396 422 517 576 610 881 924 934 984 61 64 242 304 385 403 426 512 527 565 583 753 879 919 925 933 971 992 28 77 239 247 290 323 377 404 423 432 511 513 536 558 578 660 769 875 945 42 68 82 260 274 295 308 343 366 381 420 467 532 581 646 681 762 801 849 944 56 288 300 330 382 438 614 665 739 788 833 865 46 57 645 708 776 797 860 60 643 687 726 783 790 642 685 703 709 689 697 690 692 
5 8 14 19 21 23 28 42 46 56 57 60 61 63 64 68 77 82 98 100 112 118 122 126 129 135 136 143 146 149 150 161 165 167 169 187 195 198 209 217 225 239 242 247 260 266 274 288 290 295 300 304 308 323 330 343 348 366 377 381 382 385 386 389 396 398 403 404 420 422 423 426 432 438 467 505 511 512 513 517 527 532 536 556 558 565 576 578 581 583 597 610 614 642 643 645 646 660 665 681 685 687 689 690 692 697 703 708 709 726 739 753 762 769 776 783 788 790 797 801 816 833 849 860 865 875 879 881 894 899 905 911 915 919 924 925 929 930 933 934 944 945 971 978 984 992 
149 225 894 505 597 816 610 753 769 801 788 797 790 
5 8 14 19 21 23 28 42 46 56 57 60 61 63 64 68 77 82 98 100 112 118 122 126 129 135 136 143 146 149 150 161 165 167 169 187 195 198 209 217 225 239 242 247 260 266 274 288 290 295 300 304 308 323 330 343 348 366 377 381 382 385 386 389 396 398 403 404 420 422 423 426 432 438 467 505 511 512 513 517 527 532 536 556 558 565 576 578 581 583 597 610 614 642 643 645 646 660 665 681 685 687 689 690 692 697 703 708 709 726 739 753 762 769 776 783 788 790 797 801 816 833 849 860 865 875 879 881 894 899 905 911 915 919 924 925 929 930 933 934 944 945 971 978 984 992 
149 225 894 505 597 
5 8 14 19 21 23 28 42 46 56 57 60 61 63 64 68 77 82 98 100 112 118 122 126 129 135 136 143 146 149 150 161 165 167 169 187 195 198 209 217 225 239 242 247 260 266 274 288 290 295 300 304 308 323 330 343 348 366 377 381 382 385 386 389 396 398 403 404 420 422 423 426 432 438 467 505 511 512 513 517 527 532 536 556 558 565 576 578 581 583 597 610 614 642 643 645 646 660 665 681 685 687 689 690 692 697 703 708 709 726 739 753 762 769 776 783 788 790 797 801 816 833 849 860 865 875 879 881 894 899 905 911 915 919 924 925 929 930 933 934 944 945 971 978 984 992 
149 225 894 505 597 816 610 753 660 646 614 645 643 642 
6
5 8 14 19 21 23 28 42 46 56 57 60 61 63 64 68 77 82 98 100 112 118 122 126 129 135 136 143 146 149 150 161 165 167 169 187 195 198 209 217 225 239 242 247 260 266 274 288 290 295 300 304 308 323 330 343 348 366 377 381 382 385 386 389 396 398 403 404 420 422 423 426 432 438 467 505 511 512 513 517 527 532 536 556 558 565 576 578 581 583 597 610 614 642 643 645 646 660 665 681 685 687 689 690 692 697 703 708 709 726 739 753 762 769 776 783 788 790 797 801 816 833 849 860 865 875 879 881 894 899 905 911 915 919 924 925 929 930 933 934 944 945 971 978 984 992 
149 135 225 118 143 195 894 98 122 136 146 165 198 505 915 19 100 129 150 187 209 389 597 905 930 8 23 112 126 161 169 217 348 398 556 816 899 911 929 978 5 14 21 63 167 266 386 396 422 517 576 610 881 924 934 984 61 64 242 304 385 403 426 512 527 565 583 753 879 919 925 933 971 992 28 77 239 247 290 323 377 404 423 432 511 513 536 558 578 660 769 875 945 42 68 82 260 274 295 308 343 366 381 420 467 532 581 646 681 762 801 849 944 56 288 300 330 382 438 614 665 739 788 833 865 46 57 645 708 776 797 860 60 643 687 726 783 790 642 685 703 709 689 697 690 692 
5 8 14 19 21 23 28 42 46 56 57 60 61 63 64 68 77 82 98 100 112 118 122 126 129 135 136 143 146 149 150 161 165 167 169 187 195 198 209 217 225 239 242 247 260 266 274 288 290 295 300 304 308 323 330 343 348 366 377 381 382 385 386 389 396 398 403 404 420 422 423 426 432 438 467 505 511 512 513 517 527 532 536 556 558 565 576 578 581 583 597 610 614 642 643 645 646 660 665 681 685 687 689 690 692 697 703 708 709 726 739 753 762 769 776 783 788 790 797 801 816 833 849 860 865 875 879 881 894 899 905 911 915 919 924 925 929 930 933 934 944 945 971 978 984 992 
5 8 14 19 21 23 28 42 46 56 57 60 61 63 64 68 77 82 98 100 112 118 122 126 129 135 136 143 146 149 150 161 165 167 169 187 195 198 209 217 225 239 242 247 260 266 274 288 290 295 300 304 308 323 330 343 348 366 377 381 382 385 386 389 396 398 403 404 420 422 423 426 432 438 467 505 511 512 513 517 527 532 536 556 558 565 576 578 581 583 597 610 614 642 643 645 646 660 665 681 685 687 689 690 692 697 703 708 709 726 739 753 762 769 776 783 788 790 797 801 816 833 849 860 865 875 879 881 894 899 905 911 915 919 924 925 929 930 933 934 944 945 971 978 984 992 
5 8 14 19 21 23 28 42 46 56 57 60 61 63 64 68 77 82 98 100 112 118 122 126 129 135 136 143 146 149 150 161 165 167 169 187 195 198 209 217 225 239 242 247 260 266 274 288 290 295 300 304 308 323 330 343 348 366 377 381 382 385 386 389 396 398 403 404 420 422 423 426 432 438 467 505 511 512 513 517 527 532 536 556 558 565 576 578 581 583 597 610 614 642 643 645 646 660 665 681 685 687 689 690 692 697 703 708 709 726 739 753 762 769 776 783 788 790 797 801 816 833 849 860 865 875 879 881 894 899 905 911 915 919 924 925 929 930 933 934 944 945 971 978 984 992 
149 225 894 505 389 348 266 304 290 295 
9
5 8 14 19 21 23 28 42 46 56 57 60 61 63 64 68 77 82 98 100 112 118 122 126 129 135 136 143 146 149 150 161 165 167 169 187 195 198 209 217 225 239 242 247 260 266 274 288 290 295 300 304 308 323 330 343 348 366 377 381 382 385 386 389 396 398 403 404 420 422 423 426 432 438 467 505 511 512 513 517 527 532 536 556 558 565 576 578 581 583 597 610 614 642 643 645 646 660 665 681 685 687 689 690 692 697 703 708 709 726 739 753 762 769 776 783 788 790 797 801 816 833 849 860 865 875 879 881 894 899 905 911 915 919 924 925 929 930 933 934 944 945 971 978 984 992 
149 135 225 118 143 195 894 98 122 136 146 165 198 505 915 19 100 129 150 187 209 389 597 905 930 8 23 112 126 161 169 217 348 398 556 816 899 911 929 978 5 14 21 63 167 266 386 396 422 517 576 610 881 924 934 984 61 64 242 304 385 403 426 512 527 565 583 753 879 919 925 933 971 992 28 77 239 247 290 323 377 404 423 432 511 513 536 558 578 660 769 875 945 42 68 82 260 274 295 308 343 366 381 420 467 532 581 646 681 762 801 849 944 56 288 300 330 382 438 614 665 739 788 833 865 46 57 645 708 776 797 860 60 643 687 726 783 790 642 685 703 709 689 697 690 692 
5 8 14 19 21 23 28 42 46 56 57 60 61 63 64 68 77 82 98 100 112 118 122 126 129 135 136 143 146 149 150 161 165 167 169 187 195 198 209 217 225 239 242 247 260 266 274 288 290 295 300 304 308 323 330 343 348 366 377 381 382 385 386 389 396 398 403 404 420 422 423 426 432 438 467 505 511 512 513 517 527 532 536 556 558 565 576 578 581 583 597 610 614 642 643 645 646 660 665 681 685 687 689 690 692 697 703 708 709 726 739 753 762 769 776 783 788 790 797 801 816 833 849 860 865 875 879 881 894 899 905 911 915 919 924 925 929 930 933 934 944 945 971 978 984 992 
-1
149 225 894 915 905 
149 135 225 118 143 195 894 98 122 136 146 165 198 505 915 19 100 129 150 187 209 389 597 905 930 8 23 112 126 161 169 217 348 398 556 816 899 911 929 978 5 14 21 63 167 266 386 396 422 517 576 610 881 924 934 984 61 64 242 304 385 403 426 512 527 565 583 753 879 919 925 933 971 992 28 77 239 247 290 323 377 404 423 432 511 513 536 558 578 660 769 875 945 42 68 82 260 274 295 308 343 366 381 420 467 532 581 646 681 762 801 849 944 56 288 300 330 382 438 614 665 739 788 833 865 46 57 645 708 776 797 860 60 643 687 726 783 790 642 685 703 709 689 697 690 692 
5 8 14 19 21 23 28 42 46 56 57 60 61 63 64 68 77 82 98 100 112 118 122 126 129 135 136 143 146 149 150 161 165 167 169 187 195 198 209 217 225 239 242 247 260 266 274 288 290 295 300 304 308 323 330 343 348 366 377 381 382 385 386 389 396 398 403 404 420 422 423 426 432 438 467 505 511 512 513 517 527 532 536 556 558 565 576 578 581 583 597 610 614 642 643 645 646 660 665 681 685 687 689 690 692 697 703 708 709 726 739 753 762 769 776 783 788 790 797 801 816 833 849 860 865 875 879 881 894 899 905 911 915 919 924 925 929 930 933 934 944 945 971 978 984 992 
149 225 894 505 597 816 610 753 660 681 739 708 687 703 689 697 690 
149 135 225 118 143 195 894 98 122 136 146 165 198 505 915 19 100 129 150 187 209 389 597 905 930 8 23 112 126 161 169 217 348 398 556 816 899 911 929 978 5 14 21 63 167 266 386 396 422 517 576 610 881 924 934 984 61 64 242 304 385 403 426 512 527 565 583 753 879 919 925 933 971 992 28 77 239 247 290 323 377 404 423 432 511 513 536 558 578 660 769 875 945 42 68 82 260 274 295 308 343 366 381 420 467 532 581 646 681 762 801 849 944 56 288 300 330 382 438 614 665 739 788 833 865 46 57 645 708 776 797 860 60 643 687 726 783 790 642 685 703 709 689 697 690 692 
9
149 225 195 198 209 217 
5 8 14 19 21 23 28 42 46 56 57 60 61 63 64 68 77 82 98 100 112 118 122 126 129 135 136 143 146 149 150 161 165 167 169 187 195 198 209 217 225 239 242 247 260 266 274 288 290 295 300 304 308 323 330 343 348 366 377 381 382 385 386 389 396 398 403 404 420 422 423 426 432 438 467 505 511 512 513 517 527 532 536 556 558 565 576 578 581 583 597 610 614 642 643 645 646 660 665 681 685 687 689 690 692 697 703 708 709 726 739 753 762 769 776 783 788 790 797 801 816 833 849 860 865 875 879 881 894 899 905 911 915 919 924 925 929 930 933 934 944 945 971 978 984 992 
149 135 225 118 143 195 894 98 122 136 146 165 198 505 915 19 100 129 150 187 209 389 597 905 930 8 23 112 126 161 169 217 348 398 556 816 899 911 929 978 5 14 21 63 167 266 386 396 422 517 576 610 881 924 934 984 61 64 242 304 385 403 426 512 527 565 583 753 879 919 925 933 971 992 28 77 239 247 290 323 377 404 423 432 511 513 536 558 578 660 769 875 945 42 68 82 260 274 295 308 343 366 381 420 467 532 581 646 681 762 801 849 944 56 288 300 330 382 438 614 665 739 788 833 865 46 57 645 708 776 797 860 60 643 687 726 783 790 642 685 703 709 689 697 690 692 
149 225 894 505 389 398 422 426 432 467 438 X
5 8 14 19 21 23 28 42 46 56 57 60 61 63 64 68 77 82 98 100 112 118 122 126 129 135 136 143 146 149 150 161 165 167 169 187 195 198 209 217 225 239 242 247 260 266 274 288 290 295 300 304 308 323 330 343 348 366 377 381 382 385 386 389 396 398 403 404 420 422 423 426 432 438 467 505 511 512 513 517 527 532 536 556 558 565 576 578 581 583 597 610 614 642 643 645 646 660 665 681 685 687 689 690 692 697 703 708 709 726 739 753 762 769 776 783 788 790 797 801 816 833 849 860 865 875 879 881 894 899 905 911 915 919 924 925 929 930 933 934 944 945 971 978 984 992 
5 8 14 19 21 23 28 42 46 56 57 60 61 63 64 68 77 82 98 100 112 118 122 126 129 135 136 143 146 149 150 161 165 167 169 187 195 198 209 217 225 239 242 247 260 266 274 288 290 295 300 304 308 323 330 343 348 366 377 381 382 385 386 389 396 398 403 404 420 422 423 426 432 438 467 505 511 512 513 517 527 532 536 556 558 565 576 578 581 583 597 610 614 642 643 645 646 660 665 681 685 687 689 690 692 697 703 708 709 726 739 753 762 769 776 783 788 790 797 801 816 833 849 860 865 875 879 881 894 899 905 911 915 919 924 925 929 930 933 934 944 945 971 978 984 992 
149 135 225 118 143 195 894 98 122 136 146 165 198 505 915 19 100 129 150 187 209 389 597 905 930 8 23 112 126 161 169 217 348 398 556 816 899 911 929 978 5 14 21 63 167 266 386 396 422 517 576 610 881 924 934 984 61 64 242 304 385 403 426 512 527 565 583 753 879 919 925 933 971 992 28 77 239 247 290 323 377 404 423 432 511 513 536 558 578 660 769 875 945 42 68 82 260 274 295 308 343 366 381 420 467 532 581 646 681 762 801 849 944 56 288 300 330 382 438 614 665 739 788 833 865 46 57 645 708 776 797 860 60 643 687 726 783 790 642 685 703 709 689 697 690 692 
4
-1
149 225 894 505 389 398 422 403 404 420 X
-1
149 225 894 505 389 398 422 426 
149 135 225 118 143 195 894 98 122 136 146 165 198 505 915 19 100 129 150 187 209 389 597 905 930 8 23 112 126 161 169 217 348 398 556 816 899 911 929 978 5 14 21 63 167 266 386 396 422 517 576 610 881 924 934 984 61 64 242 304 385 403 426 512 527 565 583 753 879 919 925 933 971 992 28 77 239 247 290 323 377 404 423 432 511 513 536 558 578 660 769 875 945 42 68 82 260 274 295 308 343 366 381 420 467 532 581 646 681 762 801 849 944 56 288 300 330 382 438 614 665 739 788 833 865 46 57 645 708 776 797 860 60 643 687 726 783 790 642 685 703 709 689 697 690 692 
149 225 894 505 389 398 422 
5 8 14 19 21 23 28 42 46 56 57 60 61 63 64 68 77 82 98 100 112 118 122 126 129 135 136 143 146 149 150 161 165 167 169 187 195 198 209 217 225 239 242 247 260 266 274 288 290 295 300 304 308 323 330 343 348 366 377 381 382 385 386 389 396 398 403 404 420 422 423 426 432 438 467 505 511 512 513 517 527 532 536 556 558 565 576 578 581 583 597 610 614 642 643 645 646 660 665 681 685 687 689 690 692 697 703 708 709 726 739 753 762 769 776 783 788 790 797 801 816 833 849 860 865 875 879 881 894 899 905 911 915 919 924 925 929 930 933 934 944 945 971 978 984 992 
149 135 118 98 19 23 63 61 28 
11
149 225 894 505 597 556 517 
149 135 118 98 19 23 63 61 28 42 X
149 225 195 165 150 
5 8 14 19 21 23 28 42 46 56 57 60 61 63 64 68 77 82 98 100 112 118 122 126 129 135 136 143 146 149 150 161 165 167 169 187 195 198 209 217 225 239 242 247 260 266 274 288 290 295 300 304 308 323 330 343 348 366 377 381 382 385 386 389 396 398 403 404 420 422 423 426 432 438 467 505 511 512 513 517 527 532 536 556 558 565 576 578 581 583 597 610 614 642 643 645 646 660 665 681 685 687 689 690 692 697 703 708 709 726 739 753 762 769 776 783 788 790 797 801 816 833 849 860 865 875 879 881 894 899 905 911 915 919 924 925 929 930 933 934 944 945 971 978 984 992 
149 225 894 915 930 978 
149 225 894 505 597 556 576 
149 225 894 915 930 978 984 992 
5 8 14 19 21 23 28 42 46 56 57 60 61 63 64 68 77 82 98 100 112 118 122 126 129 135 136 143 146 149 150 161 165 167 169 187 195 198 209 217 225 239 242 247 260 266 274 288 290 295 300 304 308 323 330 343 348 366 377 381 382 385 386 389 396 398 403 404 420 422 423 426 432 438 467 505 511 512 513 517 527 532 536 556 558 565 576 578 581 583 597 610 614 642 643 645 646 660 665 681 685 687 689 690 692 697 703 708 709 726 739 753 762 769 776 783 788 790 797 801 816 833 849 860 865 875 879 881 894 899 905 911 915 919 924 925 929 930 933 934 944 945 971 978 984 992 
149 225 894 505 389 348 386 385 377 381 
149 135 225 118 143 195 894 98 122 136 146 165 198 505 915 19 100 129 150 187 209 389 597 905 930 8 23 112 126 161 169 217 348 398 556 816 899 911 929 978 5 14 21 63 167 266 386 396 422 517 576 610 881 924 934 984 61 64 242 304 385 403 426 512 527 565 583 753 879 919 925 933 971 992 28 77 239 247 290 323 377 404 423 432 511 513 536 558 578 660 769 875 945 42 68 82 260 274 295 308 343 366 381 420 467 532 581 646 681 762 801 849 944 56 288 300 330 382 438 614 665 739 788 833 865 46 57 645 708 776 797 860 60 643 687 726 783 790 642 685 703 709 689 697 690 692 
149 135 118 98 
5 8 14 19 21 23 28 42 46 56 57 60 61 63 64 68 77 82 98 100 112 118 122 126 129 135 136 143 146 149 150 161 165 167 169 187 195 198 209 217 225 239 242 247 260 266 274 288 290 295 300 304 308 323 330 343 348 366 377 381 382 385 386 389 396 398 403 404 420 422 423 426 432 438 467 505 511 512 513 517 527 532 536 556 558 565 576 578 581 583 597 610 614 642 643 645 646 660 665 681 685 687 689 690 692 697 703 708 709 726 739 753 762 769 776 783 788 790 797 801 816 833 849 860 865 875 879 881 894 899 905 911 915 919 924 925 929 930 933 934 944 945 971 978 984 992 
5 8 14 19 21 23 28 42 46 56 57 60 61 63 64 68 77 82 98 100 112 118 122 126 129 135 136 143 146 149 150 161 165 167 169 187 195 198 209 217 225 239 242 247 260 266 274 288 290 295 300 304 308 323 330 343 348 366 377 381 382 385 386 389 396 398 403 404 420 422 423 426 432 438 467 505 511 512 513 517 527 532 536 556 558 565 576 578 581 583 597 610 614 642 643 645 646 660 665 681 685 687 689 690 692 697 703 708 709 726 739 753 762 769 776 783 788 790 797 801 816 833 849 860 865 875 879 881 894 899 905 911 915 919 924 925 929 930 933 934 944 945 971 978 984 992 
149 135 225 118 143 195 894 98 122 136 146 165 198 505 915 19 100 129 150 187 209 389 597 905 930 8 23 112 126 161 169 217 348 398 556 816 899 911 929 978 5 14 21 63 167 266 386 396 422 517 576 610 881 924 934 984 61 64 242 304 385 403 426 512 527 565 583 753 879 919 925 933 971 992 28 77 239 247 290 323 377 404 423 432 511 513 536 558 578 660 769 875 945 42 68 82 260 274 295 308 343 366 381 420 467 532 581 646 681 762 801 849 944 56 288 300 330 382 438 614 665 739 788 833 865 46 57 645 708 776 797 860 60 643 687 726 783 790 642 685 703 709 689 697 690 692 
149 135 225 118 143 195 894 98 122 136 146 165 198 505 915 19 100 129 150 187 209 389 597 905 930 8 23 112 126 161 169 217 348 398 556 816 899 911 929 978 5 14 21 63 167 266 386 396 422 517 576 610 881 924 934 984 61 64 242 304 385 403 426 512 527 565 583 753 879 919 925 933 971 992 28 77 239 247 290 323 377 404 423 432 511 513 536 558 578 660 769 875 945 42 68 82 260 274 295 308 343 366 381 420 467 532 581 646 681 762 801 849 944 56 288 300 330 382 438 614 665 739 788 833 865 46 57 645 708 776 797 860 60 643 687 726 783 790 642 685 703 709 689 697 690 692 
10
149 135 118 98 19 23 
149 225 894 505 597 816 610 753 769 801 788 776 783 
149 135 225 118 143 195 894 98 122 136 146 165 198 505 915 19 100 129 150 187 209 389 597 905 930 8 23 112 126 161 169 217 348 398 556 816 899 911 929 978 5 14 21 63 167 266 386 396 422 517 576 610 881 924 934 984 61 64 242 304 385 403 426 512 527 565 583 753 879 919 925 933 971 992 28 77 239 247 290 323 377 404 423 432 511 513 536 558 578 660 769 875 945 42 68 82 260 274 295 308 343 366 381 420 467 532 581 646 681 762 801 849 944 56 288 300 330 382 438 614 665 739 788 833 865 46 57 645 708 776 797 860 60 643 687 726 783 790 642 685 703 709 689 697 690 692 
5 8 14 19 21 23 28 42 46 56 57 60 61 63 64 68 77 82 98 100 112 118 122 126 129 135 136 143 146 149 150 161 165 167 169 187 195 198 209 217 225 239 242 247 260 266 274 288 290 295 300 304 308 323 330 343 348 366 377 381 382 385 386 389 396 398 403 404 420 422 423 426 432 438 467 505 511 512 513 517 527 532 536 556 558 565 576 578 581 583 597 610 614 642 643 645 646 660 665 681 685 687 689 690 692 697 703 708 709 726 739 753 762 769 776 783 788 790 797 801 816 833 849 860 865 875 879 881 894 899 905 911 915 919 924 925 929 930 933 934 944 945 971 978 984 992 
5 8 14 19 21 23 28 42 46 56 57 60 61 63 64 68 77 82 98 100 112 118 122 126 129 135 136 143 146 149 150 161 165 167 169 187 195 198 209 217 225 239 242 247 260 266 274 288 290 295 300 304 308 323 330 343 348 366 377 381 382 385 386 389 396 398 403 404 420 422 423 426 432 438 467 505 511 512 513 517 527 532 536 556 558 565 576 578 581 583 597 610 614 642 643 645 646 660 665 681 685 687 689 690 692 697 703 708 709 726 739 753 762 769 776 783 788 790 797 801 816 833 849 860 865 875 879 881 894 899 905 911 915 919 924 925 929 930 933 934 944 945 971 978 984 992 
149 
149 135 225 118 143 195 894 98 122 136 146 165 198 505 915 19 100 129 150 187 209 389 597 905 930 8 23 112 126 161 169 217 348 398 556 816 899 911 929 978 5 14 21 63 167 266 386 396 422 517 576 610 881 924 934 984 61 64 242 304 385 403 426 512 527 565 583 753 879 919 925 933 971 992 28 77 239 247 290 323 377 404 423 432 511 513 536 558 578 660 769 875 945 42 68 82 260 274 295 308 343 366 381 420 467 532 581 646 681 762 801 849 944 56 288 300 330 382 438 614 665 739 788 833 865 46 57 645 708 776 797 860 60 643 687 726 783 790 642 685 703 709 689 697 690 692 
149 135 225 118 143 195 894 98 122 136 146 165 198 505 915 19 100 129 150 187 209 389 597 905 930 8 23 112 126 161 169 217 348 398 556 816 899 911 929 978 5 14 21 63 167 266 386 396 422 517 576 610 881 924 934 984 61 64 242 304 385 403 426 512 527 565 583 753 879 919 925 933 971 992 28 77 239 247 290 323 377 404 423 432 511 513 536 558 578 660 769 875 945 42 68 82 260 274 295 308 343 366 381 420 467 532 581 646 681 762 801 849 944 56 288 300 330 382 438 614 665 739 788 833 865 46 57 645 708 776 797 860 60 643 687 726 783 790 642 685 703 709 689 697 690 692 
149 135 118 98 100 
2
5 8 14 19 21 23 28 42 46 56 57 60 61 63 64 68 77 82 98 100 112 118 122 126 129 135 136 143 146 149 150 161 165 167 169 187 195 198 209 217 225 239 242 247 260 266 274 288 290 295 300 304 308 323 330 343 348 366 377 381 382 385 386 389 396 398 403 404 420 422 423 426 432 438 467 505 511 512 513 517 527 532 536 556 558 565 576 578 581 583 597 610 614 642 643 645 646 660 665 681 685 687 689 690 692 697 703 708 709 726 739 753 762 769 776 783 788 790 797 801 816 833 849 860 865 875 879 881 894 899 905 911 915 919 924 925 929 930 933 934 944 945 971 978 984 992 
149 135 225 118 143 195 894 98 122 136 146 165 198 505 915 19 100 129 150 187 209 389 597 905 930 8 23 112 126 161 169 217 348 398 556 816 899 911 929 978 5 14 21 63 167 266 386 396 422 517 576 610 881 924 934 984 61 64 242 304 385 403 426 512 527 565 583 753 879 919 925 933 971 992 28 77 239 247 290 323 377 404 423 432 511 513 536 558 578 660 769 875 945 42 68 82 260 274 295 308 343 366 381 420 467 532 581 646 681 762 801 849 944 56 288 300 330 382 438 614 665 739 788 833 865 46 57 645 708 776 797 860 60 643 687 726 783 790 642 685 703 709 689 697 690 692 
149 225 894 505 389 398 422 426 432 467 438 
12
5
149 225 894 505 597 816 610 
6
5 8 14 19 21 23 28 42 46 56 57 60 61 63 64 68 77 82 98 100 112 118 122 126 129 135 136 143 146 149 150 161 165 167 169 187 195 198 209 217 225 239 242 247 260 266 274 288 290 295 300 304 308 323 330 343 348 366 377 381 382 385 386 389 396 398 403 404 420 422 423 426 432 438 467 505 511 512 513 517 527 532 536 556 558 565 576 578 581 583 597 610 614 642 643 645 646 660 665 681 685 687 689 690 692 697 703 708 709 726 739 753 762 769 776 783 788 790 797 801 816 833 849 860 865 875 879 881 894 899 905 911 915 919 924 925 929 930 933 934 944 945 971 978 984 992 
149 225 894 505 597 816 610 753 769 801 788 797 
149 135 225 118 143 195 894 98 122 136 146 165 198 505 915 19 100 129 150 187 209 389 597 905 930 8 23 112 126 161 169 217 348 398 556 816 899 911 929 978 5 14 21 63 167 266 386 396 422 517 576 610 881 924 934 984 61 64 242 304 385 403 426 512 527 565 583 753 879 919 925 933 971 992 28 77 239 247 290 323 377 404 423 432 511 513 536 558 578 660 769 875 945 42 68 82 260 274 295 308 343 366 381 420 467 532 581 646 681 762 801 849 944 56 288 300 330 382 438 614 665 739 788 833 865 46 57 645 708 776 797 860 60 643 687 726 783 790 642 685 703 709 689 697 690 692 
149 135 225 118 143 195 894 98 122 136 146 165 198 505 915 19 100 129 150 187 209 389 597 905 930 8 23 112 126 161 169 217 348 398 556 816 899 911 929 978 5 14 21 63 167 266 386 396 422 517 576 610 881 924 934 984 61 64 242 304 385 403 426 512 527 565 583 753 879 919 925 933 971 992 28 77 239 247 290 323 377 404 423 432 511 513 536 558 578 660 769 875 945 42 68 82 260 274 295 308 343 366 381 420 467 532 581 646 681 762 801 849 944 56 288 300 330 382 438 614 665 739 788 833 865 46 57 645 708 776 797 860 60 643 687 726 783 790 642 685 703 709 689 697 690 692 
149 225 894 505 389 398 422 403 404 420 
149 225 894 505 389 348 266 304 
9
5 8 14 19 21 23 28 42 46 56 57 60 61 63 64 68 77 82 98 100 112 118 122 126 129 135 136 143 146 149 150 161 165 167 169 187 195 198 209 217 225 239 242 247 260 266 274 288 290 295 300 304 308 323 330 343 348 366 377 381 382 385 386 389 396 398 403 404 420 422 423 426 432 438 467 505 511 512 513 517 527 532 536 556 558 565 576 578 581 583 597 610 614 642 643 645 646 660 665 681 685 687 689 690 692 697 703 708 709 726 739 753 762 769 776 783 788 790 797 801 816 833 849 860 865 875 879 881 894 899 905 911 915 919 924 925 929 930 933 934 944 945 971 978 984 992 
149 135 118 98 19 23 63 61 28 
5 8 14 19 21 23 28 42 46 56 57 60 61 63 64 68 77 82 98 100 112 118 122 126 129 135 136 143 146 149 150 161 165 167 169 187 195 198 209 217 225 239 242 247 260 266 274 288 290 295 300 304 308 323 330 343 348 366 377 381 382 385 386 389 396 398 403 404 420 422 423 426 432 438 467 505 511 512 513 517 527 532 536 556 558 565 576 578 581 583 597 610 614 642 643 645 646 660 665 681 685 687 689 690 692 697 703 708 709 726 739 753 762 769 776 783 788 790 797 801 816 833 849 860 865 875 879 881 894 899 905 911 915 919 924 925 929 930 933 934 944 945 971 978 984 992 
149 225 894 915 930 929 924 919 
5
-1
5 8 14 19 21 23 28 42 46 56 57 60 61 63 64 68 77 82 98 100 112 118 122 126 129 135 136 143 146 149 150 161 165 167 169 187 195 198 209 217 225 239 242 247 260 266 274 288 290 295 300 304 308 323 330 343 348 366 377 381 382 385 386 389 396 398 403 404 420 422 423 426 432 438 467 505 511 512 513 517 527 532 536 556 558 565 576 578 581 583 597 610 614 642 643 645 646 660 665 681 685 687 689 690 692 697 703 708 709 726 739 753 762 769 776 783 788 790 797 801 816 833 849 860 865 875 879 881 894 899 905 911 915 919 924 925 929 930 933 934 944 945 971 978 984 992 
149 135 225 118 143 195 894 98 122 136 146 165 198 505 915 19 100 129 150 187 209 389 597 905 930 8 23 112 126 161 169 217 348 398 556 816 899 911 929 978 5 14 21 63 167 266 386 396 422 517 576 610 881 924 934 984 61 64 242 304 385 403 426 512 527 565 583 753 879 919 925 933 971 992 28 77 239 247 290 323 377 404 423 432 511 513 536 558 578 660 769 875 945 42 68 82 260 274 295 308 343 366 381 420 467 532 581 646 681 762 801 849 944 56 288 300 330 382 438 614 665 739 788 833 865 46 57 645 708 776 797 860 60 643 687 726 783 790 642 685 703 709 689 697 690 692 
8
4
149 225 894 915 930 978 984 992 X
149 135 225 118 143 195 894 98 122 136 146 165 198 505 915 19 100 129 150 187 209 389 597 905 930 8 23 112 126 161 169 217 348 398 556 816 899 911 929 978 5 14 21 63 167 266 386 396 422 517 576 610 881 924 934 984 61 64 242 304 385 403 426 512 527 565 583 753 879 919 925 933 971 992 28 77 239 247 290 323 377 404 423 432 511 513 536 558 578 660 769 875 945 42 68 82 260 274 295 308 343 366 381 420 467 532 581 646 681 762 801 849 944 56 288 300 330 382 438 614 665 739 788 833 865 46 57 645 708 776 797 860 60 643 687 726 783 790 642 685 703 709 689 697 690 692 
5 8 14 19 21 23 28 42 46 56 57 60 61 63 64 68 77 82 98 100 112 118 122 126 129 135 136 143 146 149 150 161 165 167 169 187 195 198 209 217 225 239 242 247 260 266 274 288 290 295 300 304 308 323 330 343 348 366 377 381 382 385 386 389 396 398 403 404 420 422 423 426 432 438 467 505 511 512 513 517 527 532 536 556 558 565 576 578 581 583 597 610 614 642 643 645 646 660 665 681 685 687 689 690 692 697 703 708 709 726 739 753 762 769 776 783 788 790 797 801 816 833 849 860 865 875 879 881 894 899 905 911 915 919 924 925 929 930 933 934 944 945 971 978 984 992 
149 225 894 505 597 816 610 753 769 801 
5 8 14 19 21 23 28 42 46 56 57 60 61 63 64 68 77 82 98 100 112 118 122 126 129 135 136 143 146 149 150 161 165 167 169 187 195 198 209 217 225 239 242 247 260 266 274 288 290 295 300 304 308 323 330 343 348 366 377 381 382 385 386 389 396 398 403 404 420 422 423 426 432 438 467 505 511 512 513 517 527 532 536 556 558 565 576 578 581 583 597 610 614 642 643 645 646 660 665 681 685 687 689 690 692 697 703 708 709 726 739 753 762 769 776 783 788 790 797 801 816 833 849 860 865 875 879 881 894 899 905 911 915 919 924 925 929 930 933 934 944 945 971 978 984 992 
5 8 14 19 21 23 28 42 46 56 57 60 61 63 64 68 77 82 98 100 112 118 122 126 129 135 136 143 146 149 150 161 165 167 169 187 195 198 209 217 225 239 242 247 260 266 274 288 290 295 300 304 308 323 330 343 348 366 377 381 382 385 386 389 396 398 403 404 420 422 423 426 432 438 467 505 511 512 513 517 527 532 536 556 558 565 576 578 581 583 597 610 614 642 643 645 646 660 665 681 685 687 689 690 692 697 703 708 709 726 739 753 762 769 776 783 788 790 797 801 816 833 849 860 865 875 879 881 894 899 905 911 915 919 924 925 929 930 933 934 944 945 971 978 984 992 
9
6
149 135 225 118 143 195 894 98 122 136 146 165 198 505 915 19 100 129 150 187 209 389 597 905 930 8 23 112 126 161 169 217 348 398 556 816 899 911 929 978 5 14 21 63 167 266 386 396 422 517 576 610 881 924 934 984 61 64 242 304 385 403 426 512 527 565 583 753 879 919 925 933 971 992 28 77 239 247 290 323 377 404 423 432 511 513 536 558 578 660 769 875 945 42 68 82 260 274 295 308 343 366 381 420 467 532 581 646 681 762 801 849 944 56 288 300 330 382 438 614 665 739 788 833 865 46 57 645 708 776 797 860 60 643 687 726 783 790 642 685 703 709 689 697 690 692 
149 225 894 915 905 911 
5 8 14 19 21 23 28 42 46 56 57 60 61 63 64 68 77 82 98 100 112 118 122 126 129 135 136 143 146 149 150 161 165 167 169 187 195 198 209 217 225 239 242 247 260 266 274 288 290 295 300 304 308 323 330 343 348 366 377 381 382 385 386 389 396 398 403 404 420 422 423 426 432 438 467 505 511 512 513 517 527 532 536 556 558 565 576 578 581 583 597 610 614 642 643 645 646 660 665 681 685 687 689 690 692 697 703 708 709 726 739 753 762 769 776 783 788 790 797 801 816 833 849 860 865 875 879 881 894 899 905 911 915 919 924 925 929 930 933 934 944 945 971 978 984 992 
11
