233 72 218 230 221 229 228 
233 
233 292 636 640 800 720 752 764 756 
233 292 636 493 484 424 360 344 
20 26 34 53 54 68 70 72 80 93 95 143 148 151 185 187 188 203 206 216 218 221 228 229 230 233 235 238 245 277 278 292 329 338 344 353 359 360 363 379 401 405 407 424 429 435 444 451 455 483 484 493 496 507 509 532 550 551 557 560 579 590 595 598 603 625 627 636 640 646 649 711 720 723 744 752 756 764 788 790 800 826 837 845 849 852 856 860 871 896 924 931 938 942 944 955 961 964 979 
233 72 292 53 218 238 636 34 68 151 230 235 245 493 640 20 54 70 143 187 221 278 484 496 800 26 93 148 185 216 229 277 424 532 720 942 80 95 203 228 360 444 509 557 711 752 837 944 188 206 344 407 435 455 507 550 590 649 723 764 826 931 961 329 359 401 429 451 483 551 560 595 646 744 756 790 871 938 955 979 338 353 379 405 579 603 788 860 924 964 363 598 625 849 896 627 845 852 856 
233 72 53 68 70 
7
-1
4
6
-1
7
233 72 292 53 218 238 636 34 68 151 230 235 245 493 640 20 54 70 143 187 221 278 484 496 800 26 93 148 185 216 229 277 424 532 720 942 80 95 203 228 360 444 509 557 711 752 837 944 188 206 344 407 435 455 507 550 590 649 723 764 826 931 961 329 359 401 429 451 483 551 560 595 646 744 756 790 871 938 955 979 338 353 379 405 579 603 788 860 924 964 363 598 625 849 896 627 845 852 856 
233 292 72 636 238 218 53 640 493 245 235 230 151 68 34 800 496 484 278 221 187 143 70 54 20 942 720 532 424 277 229 216 185 148 93 26 944 837 752 711 557 509 444 360 228 203 95 80 961 931 826 764 723 649 590 550 507 455 435 407 344 206 188 979 955 938 871 790 756 744 646 595 560 551 483 451 429 401 359 329 964 924 860 788 603 579 405 379 353 338 896 849 625 598 363 852 845 627 856 
-1
233 292 636 493 484 424 360 344 329 
20 26 34 53 54 68 70 72 80 93 95 143 148 151 185 187 188 203 206 216 218 221 228 229 230 233 235 238 245 277 278 292 329 338 344 353 359 360 363 379 401 405 407 424 429 435 444 451 455 483 484 493 496 507 509 532 550 551 557 560 579 590 595 598 603 625 627 636 640 646 649 711 720 723 744 752 756 764 788 790 800 826 837 845 849 852 856 860 871 896 924 931 938 942 944 955 961 964 979 
20 26 34 53 54 68 70 72 80 93 95 143 148 151 185 187 188 203 206 216 218 221 228 229 230 233 235 238 245 277 278 292 329 338 344 353 359 360 363 379 401 405 407 424 429 435 444 451 455 483 484 493 496 507 509 532 550 551 557 560 579 590 595 598 603 625 627 636 640 646 649 711 720 723 744 752 756 764 788 790 800 826 837 845 849 852 856 860 871 896 924 931 938 942 944 955 961 964 979 
20 26 34 53 54 68 70 72 80 93 95 143 148 151 185 187 188 203 206 216 218 221 228 229 230 233 235 238 245 277 278 292 329 338 344 353 359 360 363 379 401 405 407 424 429 435 444 451 455 483 484 493 496 507 509 532 550 551 557 560 579 590 595 598 603 625 627 636 640 646 649 711 720 723 744 752 756 764 788 790 800 826 837 845 849 852 856 860 871 896 924 931 938 942 944 955 961 964 979 
-1
233 292 636 640 
233 72 292 53 218 238 636 34 68 151 230 235 245 493 640 20 54 70 143 187 221 278 484 496 800 26 93 148 185 216 229 277 424 532 720 942 80 95 203 228 360 444 509 557 711 752 837 944 188 206 344 407 435 455 507 550 590 649 723 764 826 931 961 329 359 401 429 451 483 551 560 595 646 744 756 790 871 938 955 979 338 353 379 405 579 603 788 860 924 964 363 598 625 849 896 627 845 852 856 
233 292 636 640 800 720 711 649 X
20 26 34 53 54 68 70 72 80 93 95 143 148 151 185 187 188 203 206 216 218 221 228 229 230 233 235 238 245 277 278 292 329 338 344 353 359 360 363 379 401 405 407 424 429 435 444 451 455 483 484 493 496 507 509 532 550 551 557 560 579 590 595 598 603 625 627 636 640 646 649 711 720 723 744 752 756 764 788 790 800 826 837 845 849 852 856 860 871 896 924 931 938 942 944 955 961 964 979 
233 72 292 53 218 238 636 34 68 151 230 235 245 493 640 20 54 70 143 187 221 278 484 496 800 26 93 148 185 216 229 277 424 532 720 942 80 95 203 228 360 444 509 557 711 752 837 944 188 206 344 407 435 455 507 550 590 649 723 764 826 931 961 329 359 401 429 451 483 551 560 595 646 744 756 790 871 938 955 979 338 353 379 405 579 603 788 860 924 964 363 598 625 849 896 627 845 852 856 
1
233 72 292 53 218 238 636 34 68 151 230 235 245 493 640 20 54 70 143 187 221 278 484 496 800 26 93 148 185 216 229 277 424 532 720 942 80 95 203 228 360 444 509 557 711 752 837 944 188 206 344 407 435 455 507 550 590 649 723 764 826 931 961 329 359 401 429 451 483 551 560 595 646 744 756 790 871 938 955 979 338 353 379 405 579 603 788 860 924 964 363 598 625 849 896 627 845 852 856 
233 292 636 640 800 942 837 931 871 860 X
233 72 292 53 218 238 636 34 68 151 230 235 245 493 640 20 54 70 143 187 221 278 484 496 800 26 93 148 185 216 229 277 424 532 720 942 80 95 203 228 360 444 509 557 711 752 837 944 188 206 344 407 435 455 507 550 590 649 723 764 826 931 961 329 359 401 429 451 483 551 560 595 646 744 756 790 871 938 955 979 338 353 379 405 579 603 788 860 924 964 363 598 625 849 896 627 845 852 856 
233 72 292 53 218 238 636 34 68 151 230 235 245 493 640 20 54 70 143 187 221 278 484 496 800 26 93 148 185 216 229 277 424 532 720 942 80 95 203 228 360 444 509 557 711 752 837 944 188 206 344 407 435 455 507 550 590 649 723 764 826 931 961 329 359 401 429 451 483 551 560 595 646 744 756 790 871 938 955 979 338 353 379 405 579 603 788 860 924 964 363 598 625 849 896 627 845 852 856 
20 26 34 53 54 68 70 72 80 93 95 143 148 151 185 187 188 203 206 216 218 221 228 229 230 233 235 238 245 277 278 292 329 338 344 353 359 360 363 379 401 405 407 424 429 435 444 451 455 483 484 493 496 507 509 532 550 551 557 560 579 590 595 598 603 625 627 636 640 646 649 711 720 723 744 752 756 764 788 790 800 826 837 845 849 852 856 860 871 896 924 931 938 942 944 955 961 964 979 
11
1
20 26 34 53 54 68 70 72 80 93 95 143 148 151 185 187 188 203 206 216 218 221 228 229 230 233 235 238 245 277 278 292 329 338 344 353 359 360 363 379 401 405 407 424 429 435 444 451 455 483 484 493 496 507 509 532 550 551 557 560 579 590 595 598 603 625 627 636 640 646 649 711 720 723 744 752 756 764 788 790 800 826 837 845 849 852 856 860 871 896 924 931 938 942 944 955 961 964 979 
6
-1
233 72 292 53 218 238 636 34 68 151 230 235 245 493 640 20 54 70 143 187 221 278 484 496 800 26 93 148 185 216 229 277 424 532 720 942 80 95 203 228 360 444 509 557 711 752 837 944 188 206 344 407 435 455 507 550 590 649 723 764 826 931 961 329 359 401 429 451 483 551 560 595 646 744 756 790 871 938 955 979 338 353 379 405 579 603 788 860 924 964 363 598 625 849 896 627 845 852 856 
6
20 26 34 53 54 68 70 72 80 93 95 143 148 151 185 187 188 203 206 216 218 221 228 229 230 233 235 238 245 277 278 292 329 338 344 353 359 360 363 379 401 405 407 424 429 435 444 451 455 483 484 493 496 507 509 532 550 551 557 560 579 590 595 598 603 625 627 636 640 646 649 711 720 723 744 752 756 764 788 790 800 826 837 845 849 852 856 860 871 896 924 931 938 942 944 955 961 964 979 
233 72 53 34 20 26 
233 292 636 493 496 532 557 590 560 
233 292 636 493 496 532 557 590 595 
233 292 72 636 238 218 53 640 493 245 235 230 151 68 34 800 496 484 278 221 187 143 70 54 20 942 720 532 424 277 229 216 185 148 93 26 944 837 752 711 557 509 444 360 228 203 95 80 961 931 826 764 723 649 590 550 507 455 435 407 344 206 188 979 955 938 871 790 756 744 646 595 560 551 483 451 429 401 359 329 964 924 860 788 603 579 405 379 353 338 896 849 625 598 363 852 845 627 856 
233 72 292 53 218 238 636 34 68 151 230 235 245 493 640 20 54 70 143 187 221 278 484 496 800 26 93 148 185 216 229 277 424 532 720 942 80 95 203 228 360 444 509 557 711 752 837 944 188 206 344 407 435 455 507 550 590 649 723 764 826 931 961 329 359 401 429 451 483 551 560 595 646 744 756 790 871 938 955 979 338 353 379 405 579 603 788 860 924 964 363 598 625 849 896 627 845 852 856 
233 292 72 636 238 218 53 640 493 245 235 230 151 68 34 800 496 484 278 221 187 143 70 54 20 942 720 532 424 277 229 216 185 148 93 26 944 837 752 711 557 509 444 360 228 203 95 80 961 931 826 764 723 649 590 550 507 455 435 407 344 206 188 979 955 938 871 790 756 744 646 595 560 551 483 451 429 401 359 329 964 924 860 788 603 579 405 379 353 338 896 849 625 598 363 852 845 627 856 
-1
6
20 26 34 53 54 68 70 72 80 93 95 143 148 151 185 187 188 203 206 216 218 221 228 229 230 233 235 238 245 277 278 292 329 338 344 353 359 360 363 379 401 405 407 424 429 435 444 451 455 483 484 493 496 507 509 532 550 551 557 560 579 590 595 598 603 625 627 636 640 646 649 711 720 723 744 752 756 764 788 790 800 826 837 845 849 852 856 860 871 896 924 931 938 942 944 955 961 964 979 
4
20 26 34 53 54 68 70 72 80 93 95 143 148 151 185 187 188 203 206 216 218 221 228 229 230 233 235 238 245 277 278 292 329 338 344 353 359 360 363 379 401 405 407 424 429 435 444 451 455 483 484 493 496 507 509 532 550 551 557 560 579 590 595 598 603 625 627 636 640 646 649 711 720 723 744 752 756 764 788 790 800 826 837 845 849 852 856 860 871 896 924 931 938 942 944 955 961 964 979 
233 72 218 151 143 93 80 
233 292 636 640 800 720 752 764 790 788 X
233 72 218 151 187 216 203 188 X
20 26 34 53 54 68 70 72 80 93 95 143 148 151 185 187 188 203 206 216 218 221 228 229 230 233 235 238 245 277 278 292 329 338 344 353 359 360 363 379 401 405 407 424 429 435 444 451 455 483 484 493 496 507 509 532 550 551 557 560 579 590 595 598 603 625 627 636 640 646 649 711 720 723 744 752 756 764 788 790 800 826 837 845 849 852 856 860 871 896 924 931 938 942 944 955 961 964 979 
233 72 292 53 218 238 636 34 68 151 230 235 245 493 640 20 54 70 143 187 221 278 484 496 800 26 93 148 185 216 229 277 424 532 720 942 80 95 203 228 360 444 509 557 711 752 837 944 188 206 344 407 435 455 507 550 590 649 723 764 826 931 961 329 359 401 429 451 483 551 560 595 646 744 756 790 871 938 955 979 338 353 379 405 579 603 788 860 924 964 363 598 625 849 896 627 845 852 856 
20 26 34 53 54 68 70 72 80 93 95 143 148 151 185 187 188 203 206 216 218 221 228 229 230 233 235 238 245 277 278 292 329 338 344 353 359 360 363 379 401 405 407 424 429 435 444 451 455 483 484 493 496 507 509 532 550 551 557 560 579 590 595 598 603 625 627 636 640 646 649 711 720 723 744 752 756 764 788 790 800 826 837 845 849 852 856 860 871 896 924 931 938 942 944 955 961 964 979 
20 26 34 53 54 68 70 72 80 93 95 143 148 151 185 187 188 203 206 216 218 221 228 229 230 233 235 238 245 277 278 292 329 338 344 353 359 360 363 379 401 405 407 424 429 435 444 451 455 483 484 493 496 507 509 532 550 551 557 560 579 590 595 598 603 625 627 636 640 646 649 711 720 723 744 752 756 764 788 790 800 826 837 845 849 852 856 860 871 896 924 931 938 942 944 955 961 964 979 
20 26 34 53 54 68 70 72 80 93 95 143 148 151 185 187 188 203 206 216 218 221 228 229 230 233 235 238 245 277 278 292 329 338 344 353 359 360 363 379 401 405 407 424 429 435 444 451 455 483 484 493 496 507 509 532 550 551 557 560 579 590 595 598 603 625 627 636 640 646 649 711 720 723 744 752 756 764 788 790 800 826 837 845 849 852 856 860 871 896 924 931 938 942 944 955 961 964 979 
233 292 636 493 
233 292 636 640 800 942 
20 26 34 53 54 68 70 72 80 93 95 143 148 151 185 187 188 203 206 216 218 221 228 229 230 233 235 238 245 277 278 292 329 338 344 353 359 360 363 379 401 405 407 424 429 435 444 451 455 483 484 493 496 507 509 532 550 551 557 560 579 590 595 598 603 625 627 636 640 646 649 711 720 723 744 752 756 764 788 790 800 826 837 845 849 852 856 860 871 896 924 931 938 942 944 955 961 964 979 
233 292 636 493 484 424 444 455 
233 72 292 53 218 238 636 34 68 151 230 235 245 493 640 20 54 70 143 187 221 278 484 496 800 26 93 148 185 216 229 277 424 532 720 942 80 95 203 228 360 444 509 557 711 752 837 944 188 206 344 407 435 455 507 550 590 649 723 764 826 931 961 329 359 401 429 451 483 551 560 595 646 744 756 790 871 938 955 979 338 353 379 405 579 603 788 860 924 964 363 598 625 849 896 627 845 852 856 
-1
233 72 292 53 218 238 636 34 68 151 230 235 245 493 640 20 54 70 143 187 221 278 484 496 800 26 93 148 185 216 229 277 424 532 720 942 80 95 203 228 360 444 509 557 711 752 837 944 188 206 344 407 435 455 507 550 590 649 723 764 826 931 961 329 359 401 429 451 483 551 560 595 646 744 756 790 871 938 955 979 338 353 379 405 579 603 788 860 924 964 363 598 625 849 896 627 845 852 856 
233 292 72 636 238 218 53 640 493 245 235 230 151 68 34 800 496 484 278 221 187 143 70 54 20 942 720 532 424 277 229 216 185 148 93 26 944 837 752 711 557 509 444 360 228 203 95 80 961 931 826 764 723 649 590 550 507 455 435 407 344 206 188 979 955 938 871 790 756 744 646 595 560 551 483 451 429 401 359 329 964 924 860 788 603 579 405 379 353 338 896 849 625 598 363 852 845 627 856 
8
233 292 636 493 484 424 444 455 483 X
233 72 292 53 218 238 636 34 68 151 230 235 245 493 640 20 54 70 143 187 221 278 484 496 800 26 93 148 185 216 229 277 424 532 720 942 80 95 203 228 360 444 509 557 711 752 837 944 188 206 344 407 435 455 507 550 590 649 723 764 826 931 961 329 359 401 429 451 483 551 560 595 646 744 756 790 871 938 955 979 338 353 379 405 579 603 788 860 924 964 363 598 625 849 896 627 845 852 856 
233 72 292 53 218 238 636 34 68 151 230 235 245 493 640 20 54 70 143 187 221 278 484 496 800 26 93 148 185 216 229 277 424 532 720 942 80 95 203 228 360 444 509 557 711 752 837 944 188 206 344 407 435 455 507 550 590 649 723 764 826 931 961 329 359 401 429 451 483 551 560 595 646 744 756 790 871 938 955 979 338 353 379 405 579 603 788 860 924 964 363 598 625 849 896 627 845 852 856 
7
-1
233 72 292 53 218 238 636 34 68 151 230 235 245 493 640 20 54 70 143 187 221 278 484 496 800 26 93 148 185 216 229 277 424 532 720 942 80 95 203 228 360 444 509 557 711 752 837 944 188 206 344 407 435 455 507 550 590 649 723 764 826 931 961 329 359 401 429 451 483 551 560 595 646 744 756 790 871 938 955 979 338 353 379 405 579 603 788 860 924 964 363 598 625 849 896 627 845 852 856 
233 72 292 53 218 238 636 34 68 151 230 235 245 493 640 20 54 70 143 187 221 278 484 496 800 26 93 148 185 216 229 277 424 532 720 942 80 95 203 228 360 444 509 557 711 752 837 944 188 206 344 407 435 455 507 550 590 649 723 764 826 931 961 329 359 401 429 451 483 551 560 595 646 744 756 790 871 938 955 979 338 353 379 405 579 603 788 860 924 964 363 598 625 849 896 627 845 852 856 
233 292 72 636 238 218 53 640 493 245 235 230 151 68 34 800 496 484 278 221 187 143 70 54 20 942 720 532 424 277 229 216 185 148 93 26 944 837 752 711 557 509 444 360 228 203 95 80 961 931 826 764 723 649 590 550 507 455 435 407 344 206 188 979 955 938 871 790 756 744 646 595 560 551 483 451 429 401 359 329 964 924 860 788 603 579 405 379 353 338 896 849 625 598 363 852 845 627 856 
7
233 292 636 493 496 532 557 550 
4
-1
233 72 292 53 218 238 636 34 68 151 230 235 245 493 640 20 54 70 143 187 221 278 484 496 800 26 93 148 185 216 229 277 424 532 720 942 80 95 203 228 360 444 509 557 711 752 837 944 188 206 344 407 435 455 507 550 590 649 723 764 826 931 961 329 359 401 429 451 483 551 560 595 646 744 756 790 871 938 955 979 338 353 379 405 579 603 788 860 924 964 363 598 625 849 896 627 845 852 856 
233 292 636 640 800 942 944 961 955 
9
233 72 292 53 218 238 636 34 68 151 230 235 245 493 640 20 54 70 143 187 221 278 484 496 800 26 93 148 185 216 229 277 424 532 720 942 80 95 203 228 360 444 509 557 711 752 837 944 188 206 344 407 435 455 507 550 590 649 723 764 826 931 961 329 359 401 429 451 483 551 560 595 646 744 756 790 871 938 955 979 338 353 379 405 579 603 788 860 924 964 363 598 625 849 896 627 845 852 856 
233 72 292 53 218 238 636 34 68 151 230 235 245 493 640 20 54 70 143 187 221 278 484 496 800 26 93 148 185 216 229 277 424 532 720 942 80 95 203 228 360 444 509 557 711 752 837 944 188 206 344 407 435 455 507 550 590 649 723 764 826 931 961 329 359 401 429 451 483 551 560 595 646 744 756 790 871 938 955 979 338 353 379 405 579 603 788 860 924 964 363 598 625 849 896 627 845 852 856 
233 72 292 53 218 238 636 34 68 151 230 235 245 493 640 20 54 70 143 187 221 278 484 496 800 26 93 148 185 216 229 277 424 532 720 942 80 95 203 228 360 444 509 557 711 752 837 944 188 206 344 407 435 455 507 550 590 649 723 764 826 931 961 329 359 401 429 451 483 551 560 595 646 744 756 790 871 938 955 979 338 353 379 405 579 603 788 860 924 964 363 598 625 849 896 627 845 852 856 
20 26 34 53 54 68 70 72 80 93 95 143 148 151 185 187 188 203 206 216 218 221 228 229 230 233 235 238 245 277 278 292 329 338 344 353 359 360 363 379 401 405 407 424 429 435 444 451 455 483 484 493 496 507 509 532 550 551 557 560 579 590 595 598 603 625 627 636 640 646 649 711 720 723 744 752 756 764 788 790 800 826 837 845 849 852 856 860 871 896 924 931 938 942 944 955 961 964 979 
233 72 218 151 143 93 80 X
233 72 292 53 218 238 636 34 68 151 230 235 245 493 640 20 54 70 143 187 221 278 484 496 800 26 93 148 185 216 229 277 424 532 720 942 80 95 203 228 360 444 509 557 711 752 837 944 188 206 344 407 435 455 507 550 590 649 723 764 826 931 961 329 359 401 429 451 483 551 560 595 646 744 756 790 871 938 955 979 338 353 379 405 579 603 788 860 924 964 363 598 625 849 896 627 845 852 856 
233 292 72 636 238 218 53 640 493 245 235 230 151 68 34 800 496 484 278 221 187 143 70 54 20 942 720 532 424 277 229 216 185 148 93 26 944 837 752 711 557 509 444 360 228 203 95 80 961 931 826 764 723 649 590 550 507 455 435 407 344 206 188 979 955 938 871 790 756 744 646 595 560 551 483 451 429 401 359 329 964 924 860 788 603 579 405 379 353 338 896 849 625 598 363 852 845 627 856 
20 26 34 53 54 68 70 72 80 93 95 143 148 151 185 187 188 203 206 216 218 221 228 229 230 233 235 238 245 277 278 292 329 338 344 353 359 360 363 379 401 405 407 424 429 435 444 451 455 483 484 493 496 507 509 532 550 551 557 560 579 590 595 598 603 625 627 636 640 646 649 711 720 723 744 752 756 764 788 790 800 826 837 845 849 852 856 860 871 896 924 931 938 942 944 955 961 964 979 
0
233 72 292 53 218 238 636 34 68 151 230 235 245 493 640 20 54 70 143 187 221 278 484 496 800 26 93 148 185 216 229 277 424 532 720 942 80 95 203 228 360 444 509 557 711 752 837 944 188 206 344 407 435 455 507 550 590 649 723 764 826 931 961 329 359 401 429 451 483 551 560 595 646 744 756 790 871 938 955 979 338 353 379 405 579 603 788 860 924 964 363 598 625 849 896 627 845 852 856 
8
233 
233 292 636 640 800 720 752 764 790 788 
233 72 292 53 218 238 636 34 68 151 230 235 245 493 640 20 54 70 143 187 221 278 484 496 800 26 93 148 185 216 229 277 424 532 720 942 80 95 203 228 360 444 509 557 711 752 837 944 188 206 344 407 435 455 507 550 590 649 723 764 826 931 961 329 359 401 429 451 483 551 560 595 646 744 756 790 871 938 955 979 338 353 379 405 579 603 788 860 924 964 363 598 625 849 896 627 845 852 856 
233 72 292 53 218 238 636 34 68 151 230 235 245 493 640 20 54 70 143 187 221 278 484 496 800 26 93 148 185 216 229 277 424 532 720 942 80 95 203 228 360 444 509 557 711 752 837 944 188 206 344 407 435 455 507 550 590 649 723 764 826 931 961 329 359 401 429 451 483 551 560 595 646 744 756 790 871 938 955 979 338 353 379 405 579 603 788 860 924 964 363 598 625 849 896 627 845 852 856 
233 292 72 636 238 218 53 640 493 245 235 230 151 68 34 800 496 484 278 221 187 143 70 54 20 942 720 532 424 277 229 216 185 148 93 26 944 837 752 711 557 509 444 360 228 203 95 80 961 931 826 764 723 649 590 550 507 455 435 407 344 206 188 979 955 938 871 790 756 744 646 595 560 551 483 451 429 401 359 329 964 924 860 788 603 579 405 379 353 338 896 849 625 598 363 852 845 627 856 
233 72 292 53 218 238 636 34 68 151 230 235 245 493 640 20 54 70 143 187 221 278 484 496 800 26 93 148 185 216 229 277 424 532 720 942 80 95 203 228 360 444 509 557 711 752 837 944 188 206 344 407 435 455 507 550 590 649 723 764 826 931 961 329 359 401 429 451 483 551 560 595 646 744 756 790 871 938 955 979 338 353 379 405 579 603 788 860 924 964 363 598 625 849 896 627 845 852 856 
233 72 292 53 218 238 636 34 68 151 230 235 245 493 640 20 54 70 143 187 221 278 484 496 800 26 93 148 185 216 229 277 424 532 720 942 80 95 203 228 360 444 509 557 711 752 837 944 188 206 344 407 435 455 507 550 590 649 723 764 826 931 961 329 359 401 429 451 483 551 560 595 646 744 756 790 871 938 955 979 338 353 379 405 579 603 788 860 924 964 363 598 625 849 896 627 845 852 856 
233 72 292 53 218 238 636 34 68 151 230 235 245 493 640 20 54 70 143 187 221 278 484 496 800 26 93 148 185 216 229 277 424 532 720 942 80 95 203 228 360 444 509 557 711 752 837 944 188 206 344 407 435 455 507 550 590 649 723 764 826 931 961 329 359 401 429 451 483 551 560 595 646 744 756 790 871 938 955 979 338 353 379 405 579 603 788 860 924 964 363 598 625 849 896 627 845 852 856 
233 292 72 636 238 218 53 640 493 245 235 230 151 68 34 800 496 484 278 221 187 143 70 54 20 942 720 532 424 277 229 216 185 148 93 26 944 837 752 711 557 509 444 360 228 203 95 80 961 931 826 764 723 649 590 550 507 455 435 407 344 206 188 979 955 938 871 790 756 744 646 595 560 551 483 451 429 401 359 329 964 924 860 788 603 579 405 379 353 338 896 849 625 598 363 852 845 627 856 
233 292 636 493 484 424 444 455 
233 72 292 53 218 238 636 34 68 151 230 235 245 493 640 20 54 70 143 187 221 278 484 496 800 26 93 148 185 216 229 277 424 532 720 942 80 95 203 228 360 444 509 557 711 752 837 944 188 206 344 407 435 455 507 550 590 649 723 764 826 931 961 329 359 401 429 451 483 551 560 595 646 744 756 790 871 938 955 979 338 353 379 405 579 603 788 860 924 964 363 598 625 849 896 627 845 852 856 
233 72 292 53 218 238 636 34 68 151 230 235 245 493 640 20 54 70 143 187 221 278 484 496 800 26 93 148 185 216 229 277 424 532 720 942 80 95 203 228 360 444 509 557 711 752 837 944 188 206 344 407 435 455 507 550 590 649 723 764 826 931 961 329 359 401 429 451 483 551 560 595 646 744 756 790 871 938 955 979 338 353 379 405 579 603 788 860 924 964 363 598 625 849 896 627 845 852 856 
20 26 34 53 54 68 70 72 80 93 95 143 148 151 185 187 188 203 206 216 218 221 228 229 230 233 235 238 245 277 278 292 329 338 344 353 359 360 363 379 401 405 407 424 429 435 444 451 455 483 484 493 496 507 509 532 550 551 557 560 579 590 595 598 603 625 627 636 640 646 649 711 720 723 744 752 756 764 788 790 800 826 837 845 849 852 856 860 871 896 924 931 938 942 944 955 961 964 979 
233 72 292 53 218 238 636 34 68 151 230 235 245 493 640 20 54 70 143 187 221 278 484 496 800 26 93 148 185 216 229 277 424 532 720 942 80 95 203 228 360 444 509 557 711 752 837 944 188 206 344 407 435 455 507 550 590 649 723 764 826 931 961 329 359 401 429 451 483 551 560 595 646 744 756 790 871 938 955 979 338 353 379 405 579 603 788 860 924 964 363 598 625 849 896 627 845 852 856 
233 292 72 636 238 218 53 640 493 245 235 230 151 68 34 800 496 484 278 221 187 143 70 54 20 942 720 532 424 277 229 216 185 148 93 26 944 837 752 711 557 509 444 360 228 203 95 80 961 931 826 764 723 649 590 550 507 455 435 407 344 206 188 979 955 938 871 790 756 744 646 595 560 551 483 451 429 401 359 329 964 924 860 788 603 579 405 379 353 338 896 849 625 598 363 852 845 627 856 
20 26 34 53 54 68 70 72 80 93 95 143 148 151 185 187 188 203 206 216 218 221 228 229 230 233 235 238 245 277 278 292 329 338 344 353 359 360 363 379 401 405 407 424 429 435 444 451 455 483 484 493 496 507 509 532 550 551 557 560 579 590 595 598 603 625 627 636 640 646 649 711 720 723 744 752 756 764 788 790 800 826 837 845 849 852 856 860 871 896 924 931 938 942 944 955 961 964 979 
233 72 218 151 143 
20 26 34 53 54 68 70 72 80 93 95 143 148 151 185 187 188 203 206 216 218 221 228 229 230 233 235 238 245 277 278 292 329 338 344 353 359 360 363 379 401 405 407 424 429 435 444 451 455 483 484 493 496 507 509 532 550 551 557 560 579 590 595 598 603 625 627 636 640 646 649 711 720 723 744 752 756 764 788 790 800 826 837 845 849 852 856 860 871 896 924 931 938 942 944 955 961 964 979 
233 72 292 53 218 238 636 34 68 151 230 235 245 493 640 20 54 70 143 187 221 278 484 496 800 26 93 148 185 216 229 277 424 532 720 942 80 95 203 228 360 444 509 557 711 752 837 944 188 206 344 407 435 455 507 550 590 649 723 764 826 931 961 329 359 401 429 451 483 551 560 595 646 744 756 790 871 938 955 979 338 353 379 405 579 603 788 860 924 964 363 598 625 849 896 627 845 852 856 
20 26 34 53 54 68 70 72 80 93 95 143 148 151 185 187 188 203 206 216 218 221 228 229 230 233 235 238 245 277 278 292 329 338 344 353 359 360 363 379 401 405 407 424 429 435 444 451 455 483 484 493 496 507 509 532 550 551 557 560 579 590 595 598 603 625 627 636 640 646 649 711 720 723 744 752 756 764 788 790 800 826 837 845 849 852 856 860 871 896 924 931 938 942 944 955 961 964 979 
233 292 636 493 484 424 360 344 359 
233 72 292 53 218 238 636 34 68 151 230 235 245 493 640 20 54 70 143 187 221 278 484 496 800 26 93 148 185 216 229 277 424 532 720 942 80 95 203 228 360 444 509 557 711 752 837 944 188 206 344 407 435 455 507 550 590 649 723 764 826 931 961 329 359 401 429 451 483 551 560 595 646 744 756 790 871 938 955 979 338 353 379 405 579 603 788 860 924 964 363 598 625 849 896 627 845 852 856 
233 72 292 53 218 238 636 34 68 151 230 235 245 493 640 20 54 70 143 187 221 278 484 496 800 26 93 148 185 216 229 277 424 532 720 942 80 95 203 228 360 444 509 557 711 752 837 944 188 206 344 407 435 455 507 550 590 649 723 764 826 931 961 329 359 401 429 451 483 551 560 595 646 744 756 790 871 938 955 979 338 353 379 405 579 603 788 860 924 964 363 598 625 849 896 627 845 852 856 
20 26 34 53 54 68 70 72 80 93 95 143 148 151 185 187 188 203 206 216 218 221 228 229 230 233 235 238 245 277 278 292 329 338 344 353 359 360 363 379 401 405 407 424 429 435 444 451 455 483 484 493 496 507 509 532 550 551 557 560 579 590 595 598 603 625 627 636 640 646 649 711 720 723 744 752 756 764 788 790 800 826 837 845 849 852 856 860 871 896 924 931 938 942 944 955 961 964 979 
8
20 26 34 53 54 68 70 72 80 93 95 143 148 151 185 187 188 203 206 216 218 221 228 229 230 233 235 238 245 277 278 292 329 338 344 353 359 360 363 379 401 405 407 424 429 435 444 451 455 483 484 493 496 507 509 532 550 551 557 560 579 590 595 598 603 625 627 636 640 646 649 711 720 723 744 752 756 764 788 790 800 826 837 845 849 852 856 860 871 896 924 931 938 942 944 955 961 964 979 
233 72 218 151 143 
233 292 72 636 238 218 53 640 493 245 235 230 151 68 34 800 496 484 278 221 187 143 70 54 20 942 720 532 424 277 229 216 185 148 93 26 944 837 752 711 557 509 444 360 228 203 95 80 961 931 826 764 723 649 590 550 507 455 435 407 344 206 188 979 955 938 871 790 756 744 646 595 560 551 483 451 429 401 359 329 964 924 860 788 603 579 405 379 353 338 896 849 625 598 363 852 845 627 856 
20 26 34 53 54 68 70 72 80 93 95 143 148 151 185 187 188 203 206 216 218 221 228 229 230 233 235 238 245 277 278 292 329 338 344 353 359 360 363 379 401 405 407 424 429 435 444 451 455 483 484 493 496 507 509 532 550 551 557 560 579 590 595 598 603 625 627 636 640 646 649 711 720 723 744 752 756 764 788 790 800 826 837 845 849 852 856 860 871 896 924 931 938 942 944 955 961 964 979 
233 72 292 53 218 238 636 34 68 151 230 235 245 493 640 20 54 70 143 187 221 278 484 496 800 26 93 148 185 216 229 277 424 532 720 942 80 95 203 228 360 444 509 557 711 752 837 944 188 206 344 407 435 455 507 550 590 649 723 764 826 931 961 329 359 401 429 451 483 551 560 595 646 744 756 790 871 938 955 979 338 353 379 405 579 603 788 860 924 964 363 598 625 849 896 627 845 852 856 
20 26 34 53 54 68 70 72 80 93 95 143 148 151 185 187 188 203 206 216 218 221 228 229 230 233 235 238 245 277 278 292 329 338 344 353 359 360 363 379 401 405 407 424 429 435 444 451 455 483 484 493 496 507 509 532 550 551 557 560 579 590 595 598 603 625 627 636 640 646 649 711 720 723 744 752 756 764 788 790 800 826 837 845 849 852 856 860 871 896 924 931 938 942 944 955 961 964 979 
233 72 292 53 218 238 636 34 68 151 230 235 245 493 640 20 54 70 143 187 221 278 484 496 800 26 93 148 185 216 229 277 424 532 720 942 80 95 203 228 360 444 509 557 711 752 837 944 188 206 344 407 435 455 507 550 590 649 723 764 826 931 961 329 359 401 429 451 483 551 560 595 646 744 756 790 871 938 955 979 338 353 379 405 579 603 788 860 924 964 363 598 625 849 896 627 845 852 856 
20 26 34 53 54 68 70 72 80 93 95 143 148 151 185 187 188 203 206 216 218 221 228 229 230 233 235 238 245 277 278 292 329 338 344 353 359 360 363 379 401 405 407 424 429 435 444 451 455 483 484 493 496 507 509 532 550 551 557 560 579 590 595 598 603 625 627 636 640 646 649 711 720 723 744 752 756 764 788 790 800 826 837 845 849 852 856 860 871 896 924 931 938 942 944 955 961 964 979 
4
233 292 72 636 238 218 53 640 493 245 235 230 151 68 34 800 496 484 278 221 187 143 70 54 20 942 720 532 424 277 229 216 185 148 93 26 944 837 752 711 557 509 444 360 228 203 95 80 961 931 826 764 723 649 590 550 507 455 435 407 344 206 188 979 955 938 871 790 756 744 646 595 560 551 483 451 429 401 359 329 964 924 860 788 603 579 405 379 353 338 896 849 625 598 363 852 845 627 856 
20 26 34 53 54 68 70 72 80 93 95 143 148 151 185 187 188 203 206 216 218 221 228 229 230 233 235 238 245 277 278 292 329 338 344 353 359 360 363 379 401 405 407 424 429 435 444 451 455 483 484 493 496 507 509 532 550 551 557 560 579 590 595 598 603 625 627 636 640 646 649 711 720 723 744 752 756 764 788 790 800 826 837 845 849 852 856 860 871 896 924 931 938 942 944 955 961 964 979 
233 72 292 53 218 238 636 34 68 151 230 235 245 493 640 20 54 70 143 187 221 278 484 496 800 26 93 148 185 216 229 277 424 532 720 942 80 95 203 228 360 444 509 557 711 752 837 944 188 206 344 407 435 455 507 550 590 649 723 764 826 931 961 329 359 401 429 451 483 551 560 595 646 744 756 790 871 938 955 979 338 353 379 405 579 603 788 860 924 964 363 598 625 849 896 627 845 852 856 
233 72 292 53 218 238 636 34 68 151 230 235 245 493 640 20 54 70 143 187 221 278 484 496 800 26 93 148 185 216 229 277 424 532 720 942 80 95 203 228 360 444 509 557 711 752 837 944 188 206 344 407 435 455 507 550 590 649 723 764 826 931 961 329 359 401 429 451 483 551 560 595 646 744 756 790 871 938 955 979 338 353 379 405 579 603 788 860 924 964 363 598 625 849 896 627 845 852 856 
233 72 292 53 218 238 636 34 68 151 230 235 245 493 640 20 54 70 143 187 221 278 484 496 800 26 93 148 185 216 229 277 424 532 720 942 80 95 203 228 360 444 509 557 711 752 837 944 188 206 344 407 435 455 507 550 590 649 723 764 826 931 961 329 359 401 429 451 483 551 560 595 646 744 756 790 871 938 955 979 338 353 379 405 579 603 788 860 924 964 363 598 625 849 896 627 845 852 856 
233 72 292 53 218 238 636 34 68 151 230 235 245 493 640 20 54 70 143 187 221 278 484 496 800 26 93 148 185 216 229 277 424 532 720 942 80 95 203 228 360 444 509 557 711 752 837 944 188 206 344 407 435 455 507 550 590 649 723 764 826 931 961 329 359 401 429 451 483 551 560 595 646 744 756 790 871 938 955 979 338 353 379 405 579 603 788 860 924 964 363 598 625 849 896 627 845 852 856 
233 292 636 640 800 942 
233 292 72 636 238 218 53 640 493 245 235 230 151 68 34 800 496 484 278 221 187 143 70 54 20 942 720 532 424 277 229 216 185 148 93 26 944 837 752 711 557 509 444 360 228 203 95 80 961 931 826 764 723 649 590 550 507 455 435 407 344 206 188 979 955 938 871 790 756 744 646 595 560 551 483 451 429 401 359 329 964 924 860 788 603 579 405 379 353 338 896 849 625 598 363 852 845 627 856 
-1
8
8
233 292 636 493 496 532 557 550 
20 26 34 53 54 68 70 72 80 93 95 143 148 151 185 187 188 203 206 216 218 221 228 229 230 233 235 238 245 277 278 292 329 338 344 353 359 360 363 379 401 405 407 424 429 435 444 451 455 483 484 493 496 507 509 532 550 551 557 560 579 590 595 598 603 625 627 636 640 646 649 711 720 723 744 752 756 764 788 790 800 826 837 845 849 852 856 860 871 896 924 931 938 942 944 955 961 964 979 
233 292 636 493 484 424 444 435 
233 292 636 640 800 720 752 723 744 X
233 292 636 493 496 532 509 X
233 72 292 53 218 238 636 34 68 151 230 235 245 493 640 20 54 70 143 187 221 278 484 496 800 26 93 148 185 216 229 277 424 532 720 942 80 95 203 228 360 444 509 557 711 752 837 944 188 206 344 407 435 455 507 550 590 649 723 764 826 931 961 329 359 401 429 451 483 551 560 595 646 744 756 790 871 938 955 979 338 353 379 405 579 603 788 860 924 964 363 598 625 849 896 627 845 852 856 
233 72 292 53 218 238 636 34 68 151 230 235 245 493 640 20 54 70 143 187 221 278 484 496 800 26 93 148 185 216 229 277 424 532 720 942 80 95 203 228 360 444 509 557 711 752 837 944 188 206 344 407 435 455 507 550 590 649 723 764 826 931 961 329 359 401 429 451 483 551 560 595 646 744 756 790 871 938 955 979 338 353 379 405 579 603 788 860 924 964 363 598 625 849 896 627 845 852 856 
233 72 292 53 218 238 636 34 68 151 230 235 245 493 640 20 54 70 143 187 221 278 484 496 800 26 93 148 185 216 229 277 424 532 720 942 80 95 203 228 360 444 509 557 711 752 837 944 188 206 344 407 435 455 507 550 590 649 723 764 826 931 961 329 359 401 429 451 483 551 560 595 646 744 756 790 871 938 955 979 338 353 379 405 579 603 788 860 924 964 363 598 625 849 896 627 845 852 856 
233 72 292 53 218 238 636 34 68 151 230 235 245 493 640 20 54 70 143 187 221 278 484 496 800 26 93 148 185 216 229 277 424 532 720 942 80 95 203 228 360 444 509 557 711 752 837 944 188 206 344 407 435 455 507 550 590 649 723 764 826 931 961 329 359 401 429 451 483 551 560 595 646 744 756 790 871 938 955 979 338 353 379 405 579 603 788 860 924 964 363 598 625 849 896 627 845 852 856 
233 292 636 493 496 532 557 590 560 
20 26 34 53 54 68 70 72 80 93 95 143 148 151 185 187 188 203 206 216 218 221 228 229 230 233 235 238 245 277 278 292 329 338 344 353 359 360 363 379 401 405 407 424 429 435 444 451 455 483 484 493 496 507 509 532 550 551 557 560 579 590 595 598 603 625 627 636 640 646 649 711 720 723 744 752 756 764 788 790 800 826 837 845 849 852 856 860 871 896 924 931 938 942 944 955 961 964 979 
9
233 292 72 636 238 218 53 640 493 245 235 230 151 68 34 800 496 484 278 221 187 143 70 54 20 942 720 532 424 277 229 216 185 148 93 26 944 837 752 711 557 509 444 360 228 203 95 80 961 931 826 764 723 649 590 550 507 455 435 407 344 206 188 979 955 938 871 790 756 744 646 595 560 551 483 451 429 401 359 329 964 924 860 788 603 579 405 379 353 338 896 849 625 598 363 852 845 627 856 
233 72 292 53 218 238 636 34 68 151 230 235 245 493 640 20 54 70 143 187 221 278 484 496 800 26 93 148 185 216 229 277 424 532 720 942 80 95 203 228 360 444 509 557 711 752 837 944 188 206 344 407 435 455 507 550 590 649 723 764 826 931 961 329 359 401 429 451 483 551 560 595 646 744 756 790 871 938 955 979 338 353 379 405 579 603 788 860 924 964 363 598 625 849 896 627 845 852 856 
