4 9 11 17 20 28 36 43 46 48 65 81 83 86 101 105 109 117 139 148 152 166 182 185 192 194 201 202 225 228 241 254 287 290 319 349 360 364 370 378 381 398 407 421 444 470 486 505 527 528 547 554 558 580 584 585 587 602 605 608 615 620 626 637 642 645 646 648 657 668 669 673 675 684 686 710 718 730 734 756 769 775 800 824 852 854 875 883 890 902 905 914 916 922 926 933 935 940 946 952 956 957 959 970 990 992 
4 9 11 17 20 28 36 43 46 48 65 81 83 86 101 105 109 117 139 148 152 166 182 185 192 194 201 202 225 228 241 254 287 290 319 349 360 364 370 378 381 398 407 421 444 470 486 505 527 528 547 554 558 580 584 585 587 602 605 608 615 620 626 637 642 645 646 648 657 668 669 673 675 684 686 710 718 730 734 756 769 775 800 824 852 854 875 883 890 902 905 914 916 922 926 933 935 940 946 952 956 957 959 970 990 992 
4 9 11 17 20 28 36 43 46 48 65 81 83 86 101 105 109 117 139 148 152 166 182 185 192 194 201 202 225 228 241 254 287 290 319 349 360 364 370 378 381 398 407 421 444 470 486 505 527 528 547 554 558 580 584 585 587 602 605 608 615 620 626 637 642 645 646 648 657 668 669 673 675 684 686 710 718 730 734 756 769 775 800 824 852 854 875 883 890 902 905 914 916 922 926 933 935 940 946 952 956 957 959 970 990 992 
486 852 105 875 675 470 46 905 854 800 547 421 101 36 970 883 824 710 580 505 444 202 81 43 17 990 933 902 775 684 605 558 527 254 109 86 65 28 9 992 946 914 890 718 686 615 585 554 528 290 241 117 83 48 20 11 4 959 935 922 756 645 608 602 584 381 287 225 192 957 940 926 916 769 734 646 642 587 407 349 228 194 185 952 730 648 637 398 378 319 201 152 956 668 620 360 166 148 669 657 626 370 182 139 673 364 
486 852 875 854 
4 9 11 17 20 28 36 43 46 48 65 81 83 86 101 105 109 117 139 148 152 166 182 185 192 194 201 202 225 228 241 254 287 290 319 349 360 364 370 378 381 398 407 421 444 470 486 505 527 528 547 554 558 580 584 585 587 602 605 608 615 620 626 637 642 645 646 648 657 668 669 673 675 684 686 710 718 730 734 756 769 775 800 824 852 854 875 883 890 902 905 914 916 922 926 933 935 940 946 952 956 957 959 970 990 992 
4
486 852 675 547 580 605 615 645 646 648 
486 105 852 46 470 675 875 36 101 421 547 800 854 905 17 43 81 202 444 505 580 710 824 883 970 9 28 65 86 109 254 527 558 605 684 775 902 933 990 4 11 20 48 83 117 241 290 528 554 585 615 686 718 890 914 946 992 192 225 287 381 584 602 608 645 756 922 935 959 185 194 228 349 407 587 642 646 734 769 916 926 940 957 152 201 319 378 398 637 648 730 952 148 166 360 620 668 956 139 182 370 626 657 669 364 673 
486 852 875 905 970 933 946 959 957 
4 9 11 17 20 28 36 43 46 48 65 81 83 86 101 105 109 117 139 148 152 166 182 185 192 194 201 202 225 228 241 254 287 290 319 349 360 364 370 378 381 398 407 421 444 470 486 505 527 528 547 554 558 580 584 585 587 602 605 608 615 620 626 637 642 645 646 648 657 668 669 673 675 684 686 710 718 730 734 756 769 775 800 824 852 854 875 883 890 902 905 914 916 922 926 933 935 940 946 952 956 957 959 970 990 992 
10
486 852 875 905 883 902 
486 105 470 421 202 254 241 225 228 
486 852 875 905 970 933 914 
486 105 852 46 470 675 875 36 101 421 547 800 854 905 17 43 81 202 444 505 580 710 824 883 970 9 28 65 86 109 254 527 558 605 684 775 902 933 990 4 11 20 48 83 117 241 290 528 554 585 615 686 718 890 914 946 992 192 225 287 381 584 602 608 645 756 922 935 959 185 194 228 349 407 587 642 646 734 769 916 926 940 957 152 201 319 378 398 637 648 730 952 148 166 360 620 668 956 139 182 370 626 657 669 364 673 
4
-1
486 852 105 875 675 470 46 905 854 800 547 421 101 36 970 883 824 710 580 505 444 202 81 43 17 990 933 902 775 684 605 558 527 254 109 86 65 28 9 992 946 914 890 718 686 615 585 554 528 290 241 117 83 48 20 11 4 959 935 922 756 645 608 602 584 381 287 225 192 957 940 926 916 769 734 646 642 587 407 349 228 194 185 952 730 648 637 398 378 319 201 152 956 668 620 360 166 148 669 657 626 370 182 139 673 364 
486 105 852 46 470 675 875 36 101 421 547 800 854 905 17 43 81 202 444 505 580 710 824 883 970 9 28 65 86 109 254 527 558 605 684 775 902 933 990 4 11 20 48 83 117 241 290 528 554 585 615 686 718 890 914 946 992 192 225 287 381 584 602 608 645 756 922 935 959 185 194 228 349 407 587 642 646 734 769 916 926 940 957 152 201 319 378 398 637 648 730 952 148 166 360 620 668 956 139 182 370 626 657 669 364 673 
486 852 105 875 675 470 46 905 854 800 547 421 101 36 970 883 824 710 580 505 444 202 81 43 17 990 933 902 775 684 605 558 527 254 109 86 65 28 9 992 946 914 890 718 686 615 585 554 528 290 241 117 83 48 20 11 4 959 935 922 756 645 608 602 584 381 287 225 192 957 940 926 916 769 734 646 642 587 407 349 228 194 185 952 730 648 637 398 378 319 201 152 956 668 620 360 166 148 669 657 626 370 182 139 673 364 
486 852 675 547 580 558 554 
486 105 852 46 470 675 875 36 101 421 547 800 854 905 17 43 81 202 444 505 580 710 824 883 970 9 28 65 86 109 254 527 558 605 684 775 902 933 990 4 11 20 48 83 117 241 290 528 554 585 615 686 718 890 914 946 992 192 225 287 381 584 602 608 645 756 922 935 959 185 194 228 349 407 587 642 646 734 769 916 926 940 957 152 201 319 378 398 637 648 730 952 148 166 360 620 668 956 139 182 370 626 657 669 364 673 
486 105 852 46 470 675 875 36 101 421 547 800 854 905 17 43 81 202 444 505 580 710 824 883 970 9 28 65 86 109 254 527 558 605 684 775 902 933 990 4 11 20 48 83 117 241 290 528 554 585 615 686 718 890 914 946 992 192 225 287 381 584 602 608 645 756 922 935 959 185 194 228 349 407 587 642 646 734 769 916 926 940 957 152 201 319 378 398 637 648 730 952 148 166 360 620 668 956 139 182 370 626 657 669 364 673 
486 852 105 875 675 470 46 905 854 800 547 421 101 36 970 883 824 710 580 505 444 202 81 43 17 990 933 902 775 684 605 558 527 254 109 86 65 28 9 992 946 914 890 718 686 615 585 554 528 290 241 117 83 48 20 11 4 959 935 922 756 645 608 602 584 381 287 225 192 957 940 926 916 769 734 646 642 587 407 349 228 194 185 952 730 648 637 398 378 319 201 152 956 668 620 360 166 148 669 657 626 370 182 139 673 364 
486 105 852 46 470 675 875 36 101 421 547 800 854 905 17 43 81 202 444 505 580 710 824 883 970 9 28 65 86 109 254 527 558 605 684 775 902 933 990 4 11 20 48 83 117 241 290 528 554 585 615 686 718 890 914 946 992 192 225 287 381 584 602 608 645 756 922 935 959 185 194 228 349 407 587 642 646 734 769 916 926 940 957 152 201 319 378 398 637 648 730 952 148 166 360 620 668 956 139 182 370 626 657 669 364 673 
-1
486 105 852 46 470 675 875 36 101 421 547 800 854 905 17 43 81 202 444 505 580 710 824 883 970 9 28 65 86 109 254 527 558 605 684 775 902 933 990 4 11 20 48 83 117 241 290 528 554 585 615 686 718 890 914 946 992 192 225 287 381 584 602 608 645 756 922 935 959 185 194 228 349 407 587 642 646 734 769 916 926 940 957 152 201 319 378 398 637 648 730 952 148 166 360 620 668 956 139 182 370 626 657 669 364 673 
486 852 675 800 710 684 
3
486 105 46 36 
486 
486 105 852 46 470 675 875 36 101 421 547 800 854 905 17 43 81 202 444 505 580 710 824 883 970 9 28 65 86 109 254 527 558 605 684 775 902 933 990 4 11 20 48 83 117 241 290 528 554 585 615 686 718 890 914 946 992 192 225 287 381 584 602 608 645 756 922 935 959 185 194 228 349 407 587 642 646 734 769 916 926 940 957 152 201 319 378 398 637 648 730 952 148 166 360 620 668 956 139 182 370 626 657 669 364 673 
486 105 852 46 470 675 875 36 101 421 547 800 854 905 17 43 81 202 444 505 580 710 824 883 970 9 28 65 86 109 254 527 558 605 684 775 902 933 990 4 11 20 48 83 117 241 290 528 554 585 615 686 718 890 914 946 992 192 225 287 381 584 602 608 645 756 922 935 959 185 194 228 349 407 587 642 646 734 769 916 926 940 957 152 201 319 378 398 637 648 730 952 148 166 360 620 668 956 139 182 370 626 657 669 364 673 
6
4 9 11 17 20 28 36 43 46 48 65 81 83 86 101 105 109 117 139 148 152 166 182 185 192 194 201 202 225 228 241 254 287 290 319 349 360 364 370 378 381 398 407 421 444 470 486 505 527 528 547 554 558 580 584 585 587 602 605 608 615 620 626 637 642 645 646 648 657 668 669 673 675 684 686 710 718 730 734 756 769 775 800 824 852 854 875 883 890 902 905 914 916 922 926 933 935 940 946 952 956 957 959 970 990 992 
486 105 470 421 202 254 290 381 407 
4 9 11 17 20 28 36 43 46 48 65 81 83 86 101 105 109 117 139 148 152 166 182 185 192 194 201 202 225 228 241 254 287 290 319 349 360 364 370 378 381 398 407 421 444 470 486 505 527 528 547 554 558 580 584 585 587 602 605 608 615 620 626 637 642 645 646 648 657 668 669 673 675 684 686 710 718 730 734 756 769 775 800 824 852 854 875 883 890 902 905 914 916 922 926 933 935 940 946 952 956 957 959 970 990 992 
486 105 852 46 470 675 875 36 101 421 547 800 854 905 17 43 81 202 444 505 580 710 824 883 970 9 28 65 86 109 254 527 558 605 684 775 902 933 990 4 11 20 48 83 117 241 290 528 554 585 615 686 718 890 914 946 992 192 225 287 381 584 602 608 645 756 922 935 959 185 194 228 349 407 587 642 646 734 769 916 926 940 957 152 201 319 378 398 637 648 730 952 148 166 360 620 668 956 139 182 370 626 657 669 364 673 
486 852 105 875 675 470 46 905 854 800 547 421 101 36 970 883 824 710 580 505 444 202 81 43 17 990 933 902 775 684 605 558 527 254 109 86 65 28 9 992 946 914 890 718 686 615 585 554 528 290 241 117 83 48 20 11 4 959 935 922 756 645 608 602 584 381 287 225 192 957 940 926 916 769 734 646 642 587 407 349 228 194 185 952 730 648 637 398 378 319 201 152 956 668 620 360 166 148 669 657 626 370 182 139 673 364 
486 852 875 905 970 933 946 959 X
4 9 11 17 20 28 36 43 46 48 65 81 83 86 101 105 109 117 139 148 152 166 182 185 192 194 201 202 225 228 241 254 287 290 319 349 360 364 370 378 381 398 407 421 444 470 486 505 527 528 547 554 558 580 584 585 587 602 605 608 615 620 626 637 642 645 646 648 657 668 669 673 675 684 686 710 718 730 734 756 769 775 800 824 852 854 875 883 890 902 905 914 916 922 926 933 935 940 946 952 956 957 959 970 990 992 
486 852 675 800 710 775 718 756 734 
486 105 852 46 470 675 875 36 101 421 547 800 854 905 17 43 81 202 444 505 580 710 824 883 970 9 28 65 86 109 254 527 558 605 684 775 902 933 990 4 11 20 48 83 117 241 290 528 554 585 615 686 718 890 914 946 992 192 225 287 381 584 602 608 645 756 922 935 959 185 194 228 349 407 587 642 646 734 769 916 926 940 957 152 201 319 378 398 637 648 730 952 148 166 360 620 668 956 139 182 370 626 657 669 364 673 
486 105 470 421 202 254 241 225 228 
4 9 11 17 20 28 36 43 46 48 65 81 83 86 101 105 109 117 139 148 152 166 182 185 192 194 201 202 225 228 241 254 287 290 319 349 360 364 370 378 381 398 407 421 444 470 486 505 527 528 547 554 558 580 584 585 587 602 605 608 615 620 626 637 642 645 646 648 657 668 669 673 675 684 686 710 718 730 734 756 769 775 800 824 852 854 875 883 890 902 905 914 916 922 926 933 935 940 946 952 956 957 959 970 990 992 
486 852 105 875 675 470 46 905 854 800 547 421 101 36 970 883 824 710 580 505 444 202 81 43 17 990 933 902 775 684 605 558 527 254 109 86 65 28 9 992 946 914 890 718 686 615 585 554 528 290 241 117 83 48 20 11 4 959 935 922 756 645 608 602 584 381 287 225 192 957 940 926 916 769 734 646 642 587 407 349 228 194 185 952 730 648 637 398 378 319 201 152 956 668 620 360 166 148 669 657 626 370 182 139 673 364 
486 105 470 421 202 254 290 287 
1
486 105 852 46 470 675 875 36 101 421 547 800 854 905 17 43 81 202 444 505 580 710 824 883 970 9 28 65 86 109 254 527 558 605 684 775 902 933 990 4 11 20 48 83 117 241 290 528 554 585 615 686 718 890 914 946 992 192 225 287 381 584 602 608 645 756 922 935 959 185 194 228 349 407 587 642 646 734 769 916 926 940 957 152 201 319 378 398 637 648 730 952 148 166 360 620 668 956 139 182 370 626 657 669 364 673 
4 9 11 17 20 28 36 43 46 48 65 81 83 86 101 105 109 117 139 148 152 166 182 185 192 194 201 202 225 228 241 254 287 290 319 349 360 364 370 378 381 398 407 421 444 470 486 505 527 528 547 554 558 580 584 585 587 602 605 608 615 620 626 637 642 645 646 648 657 668 669 673 675 684 686 710 718 730 734 756 769 775 800 824 852 854 875 883 890 902 905 914 916 922 926 933 935 940 946 952 956 957 959 970 990 992 
4 9 11 17 20 28 36 43 46 48 65 81 83 86 101 105 109 117 139 148 152 166 182 185 192 194 201 202 225 228 241 254 287 290 319 349 360 364 370 378 381 398 407 421 444 470 486 505 527 528 547 554 558 580 584 585 587 602 605 608 615 620 626 637 642 645 646 648 657 668 669 673 675 684 686 710 718 730 734 756 769 775 800 824 852 854 875 883 890 902 905 914 916 922 926 933 935 940 946 952 956 957 959 970 990 992 
486 852 105 875 675 470 46 905 854 800 547 421 101 36 970 883 824 710 580 505 444 202 81 43 17 990 933 902 775 684 605 558 527 254 109 86 65 28 9 992 946 914 890 718 686 615 585 554 528 290 241 117 83 48 20 11 4 959 935 922 756 645 608 602 584 381 287 225 192 957 940 926 916 769 734 646 642 587 407 349 228 194 185 952 730 648 637 398 378 319 201 152 956 668 620 360 166 148 669 657 626 370 182 139 673 364 
6
486 105 852 46 470 675 875 36 101 421 547 800 854 905 17 43 81 202 444 505 580 710 824 883 970 9 28 65 86 109 254 527 558 605 684 775 902 933 990 4 11 20 48 83 117 241 290 528 554 585 615 686 718 890 914 946 992 192 225 287 381 584 602 608 645 756 922 935 959 185 194 228 349 407 587 642 646 734 769 916 926 940 957 152 201 319 378 398 637 648 730 952 148 166 360 620 668 956 139 182 370 626 657 669 364 673 
11
6
4 9 11 17 20 28 36 43 46 48 65 81 83 86 101 105 109 117 139 148 152 166 182 185 192 194 201 202 225 228 241 254 287 290 319 349 360 364 370 378 381 398 407 421 444 470 486 505 527 528 547 554 558 580 584 585 587 602 605 608 615 620 626 637 642 645 646 648 657 668 669 673 675 684 686 710 718 730 734 756 769 775 800 824 852 854 875 883 890 902 905 914 916 922 926 933 935 940 946 952 956 957 959 970 990 992 
4 9 11 17 20 28 36 43 46 48 65 81 83 86 101 105 109 117 139 148 152 166 182 185 192 194 201 202 225 228 241 254 287 290 319 349 360 364 370 378 381 398 407 421 444 470 486 505 527 528 547 554 558 580 584 585 587 602 605 608 615 620 626 637 642 645 646 648 657 668 669 673 675 684 686 710 718 730 734 756 769 775 800 824 852 854 875 883 890 902 905 914 916 922 926 933 935 940 946 952 956 957 959 970 990 992 
4 9 11 17 20 28 36 43 46 48 65 81 83 86 101 105 109 117 139 148 152 166 182 185 192 194 201 202 225 228 241 254 287 290 319 349 360 364 370 378 381 398 407 421 444 470 486 505 527 528 547 554 558 580 584 585 587 602 605 608 615 620 626 637 642 645 646 648 657 668 669 673 675 684 686 710 718 730 734 756 769 775 800 824 852 854 875 883 890 902 905 914 916 922 926 933 935 940 946 952 956 957 959 970 990 992 
486 105 852 46 470 675 875 36 101 421 547 800 854 905 17 43 81 202 444 505 580 710 824 883 970 9 28 65 86 109 254 527 558 605 684 775 902 933 990 4 11 20 48 83 117 241 290 528 554 585 615 686 718 890 914 946 992 192 225 287 381 584 602 608 645 756 922 935 959 185 194 228 349 407 587 642 646 734 769 916 926 940 957 152 201 319 378 398 637 648 730 952 148 166 360 620 668 956 139 182 370 626 657 669 364 673 
-1
486 852 675 800 824 X
10
486 852 105 875 675 470 46 905 854 800 547 421 101 36 970 883 824 710 580 505 444 202 81 43 17 990 933 902 775 684 605 558 527 254 109 86 65 28 9 992 946 914 890 718 686 615 585 554 528 290 241 117 83 48 20 11 4 959 935 922 756 645 608 602 584 381 287 225 192 957 940 926 916 769 734 646 642 587 407 349 228 194 185 952 730 648 637 398 378 319 201 152 956 668 620 360 166 148 669 657 626 370 182 139 673 364 
486 105 852 46 470 675 875 36 101 421 547 800 854 905 17 43 81 202 444 505 580 710 824 883 970 9 28 65 86 109 254 527 558 605 684 775 902 933 990 4 11 20 48 83 117 241 290 528 554 585 615 686 718 890 914 946 992 192 225 287 381 584 602 608 645 756 922 935 959 185 194 228 349 407 587 642 646 734 769 916 926 940 957 152 201 319 378 398 637 648 730 952 148 166 360 620 668 956 139 182 370 626 657 669 364 673 
486 105 852 46 470 675 875 36 101 421 547 800 854 905 17 43 81 202 444 505 580 710 824 883 970 9 28 65 86 109 254 527 558 605 684 775 902 933 990 4 11 20 48 83 117 241 290 528 554 585 615 686 718 890 914 946 992 192 225 287 381 584 602 608 645 756 922 935 959 185 194 228 349 407 587 642 646 734 769 916 926 940 957 152 201 319 378 398 637 648 730 952 148 166 360 620 668 956 139 182 370 626 657 669 364 673 
486 105 
486 105 852 46 470 675 875 36 101 421 547 800 854 905 17 43 81 202 444 505 580 710 824 883 970 9 28 65 86 109 254 527 558 605 684 775 902 933 990 4 11 20 48 83 117 241 290 528 554 585 615 686 718 890 914 946 992 192 225 287 381 584 602 608 645 756 922 935 959 185 194 228 349 407 587 642 646 734 769 916 926 940 957 152 201 319 378 398 637 648 730 952 148 166 360 620 668 956 139 182 370 626 657 669 364 673 
4 9 11 17 20 28 36 43 46 48 65 81 83 86 101 105 109 117 139 148 152 166 182 185 192 194 201 202 225 228 241 254 287 290 319 349 360 364 370 378 381 398 407 421 444 470 486 505 527 528 547 554 558 580 584 585 587 602 605 608 615 620 626 637 642 645 646 648 657 668 669 673 675 684 686 710 718 730 734 756 769 775 800 824 852 854 875 883 890 902 905 914 916 922 926 933 935 940 946 952 956 957 959 970 990 992 
486 105 852 46 470 675 875 36 101 421 547 800 854 905 17 43 81 202 444 505 580 710 824 883 970 9 28 65 86 109 254 527 558 605 684 775 902 933 990 4 11 20 48 83 117 241 290 528 554 585 615 686 718 890 914 946 992 192 225 287 381 584 602 608 645 756 922 935 959 185 194 228 349 407 587 642 646 734 769 916 926 940 957 152 201 319 378 398 637 648 730 952 148 166 360 620 668 956 139 182 370 626 657 669 364 673 
2
486 852 875 905 883 902 
486 105 470 421 202 109 117 192 185 152 166 
486 105 852 46 470 675 875 36 101 421 547 800 854 905 17 43 81 202 444 505 580 710 824 883 970 9 28 65 86 109 254 527 558 605 684 775 902 933 990 4 11 20 48 83 117 241 290 528 554 585 615 686 718 890 914 946 992 192 225 287 381 584 602 608 645 756 922 935 959 185 194 228 349 407 587 642 646 734 769 916 926 940 957 152 201 319 378 398 637 648 730 952 148 166 360 620 668 956 139 182 370 626 657 669 364 673 
4 9 11 17 20 28 36 43 46 48 65 81 83 86 101 105 109 117 139 148 152 166 182 185 192 194 201 202 225 228 241 254 287 290 319 349 360 364 370 378 381 398 407 421 444 470 486 505 527 528 547 554 558 580 584 585 587 602 605 608 615 620 626 637 642 645 646 648 657 668 669 673 675 684 686 710 718 730 734 756 769 775 800 824 852 854 875 883 890 902 905 914 916 922 926 933 935 940 946 952 956 957 959 970 990 992 
486 105 852 46 470 675 875 36 101 421 547 800 854 905 17 43 81 202 444 505 580 710 824 883 970 9 28 65 86 109 254 527 558 605 684 775 902 933 990 4 11 20 48 83 117 241 290 528 554 585 615 686 718 890 914 946 992 192 225 287 381 584 602 608 645 756 922 935 959 185 194 228 349 407 587 642 646 734 769 916 926 940 957 152 201 319 378 398 637 648 730 952 148 166 360 620 668 956 139 182 370 626 657 669 364 673 
486 852 105 875 675 470 46 905 854 800 547 421 101 36 970 883 824 710 580 505 444 202 81 43 17 990 933 902 775 684 605 558 527 254 109 86 65 28 9 992 946 914 890 718 686 615 585 554 528 290 241 117 83 48 20 11 4 959 935 922 756 645 608 602 584 381 287 225 192 957 940 926 916 769 734 646 642 587 407 349 228 194 185 952 730 648 637 398 378 319 201 152 956 668 620 360 166 148 669 657 626 370 182 139 673 364 
486 105 852 46 470 675 875 36 101 421 547 800 854 905 17 43 81 202 444 505 580 710 824 883 970 9 28 65 86 109 254 527 558 605 684 775 902 933 990 4 11 20 48 83 117 241 290 528 554 585 615 686 718 890 914 946 992 192 225 287 381 584 602 608 645 756 922 935 959 185 194 228 349 407 587 642 646 734 769 916 926 940 957 152 201 319 378 398 637 648 730 952 148 166 360 620 668 956 139 182 370 626 657 669 364 673 
486 852 875 905 970 933 946 959 
486 852 675 800 710 775 
486 105 852 46 470 675 875 36 101 421 547 800 854 905 17 43 81 202 444 505 580 710 824 883 970 9 28 65 86 109 254 527 558 605 684 775 902 933 990 4 11 20 48 83 117 241 290 528 554 585 615 686 718 890 914 946 992 192 225 287 381 584 602 608 645 756 922 935 959 185 194 228 349 407 587 642 646 734 769 916 926 940 957 152 201 319 378 398 637 648 730 952 148 166 360 620 668 956 139 182 370 626 657 669 364 673 
486 105 852 46 470 675 875 36 101 421 547 800 854 905 17 43 81 202 444 505 580 710 824 883 970 9 28 65 86 109 254 527 558 605 684 775 902 933 990 4 11 20 48 83 117 241 290 528 554 585 615 686 718 890 914 946 992 192 225 287 381 584 602 608 645 756 922 935 959 185 194 228 349 407 587 642 646 734 769 916 926 940 957 152 201 319 378 398 637 648 730 952 148 166 360 620 668 956 139 182 370 626 657 669 364 673 
486 852 105 875 675 470 46 905 854 800 547 421 101 36 970 883 824 710 580 505 444 202 81 43 17 990 933 902 775 684 605 558 527 254 109 86 65 28 9 992 946 914 890 718 686 615 585 554 528 290 241 117 83 48 20 11 4 959 935 922 756 645 608 602 584 381 287 225 192 957 940 926 916 769 734 646 642 587 407 349 228 194 185 952 730 648 637 398 378 319 201 152 956 668 620 360 166 148 669 657 626 370 182 139 673 364 
4 9 11 17 20 28 36 43 46 48 65 81 83 86 101 105 109 117 139 148 152 166 182 185 192 194 201 202 225 228 241 254 287 290 319 349 360 364 370 378 381 398 407 421 444 470 486 505 527 528 547 554 558 580 584 585 587 602 605 608 615 620 626 637 642 645 646 648 657 668 669 673 675 684 686 710 718 730 734 756 769 775 800 824 852 854 875 883 890 902 905 914 916 922 926 933 935 940 946 952 956 957 959 970 990 992 
486 105 852 46 470 675 875 36 101 421 547 800 854 905 17 43 81 202 444 505 580 710 824 883 970 9 28 65 86 109 254 527 558 605 684 775 902 933 990 4 11 20 48 83 117 241 290 528 554 585 615 686 718 890 914 946 992 192 225 287 381 584 602 608 645 756 922 935 959 185 194 228 349 407 587 642 646 734 769 916 926 940 957 152 201 319 378 398 637 648 730 952 148 166 360 620 668 956 139 182 370 626 657 669 364 673 
4 9 11 17 20 28 36 43 46 48 65 81 83 86 101 105 109 117 139 148 152 166 182 185 192 194 201 202 225 228 241 254 287 290 319 349 360 364 370 378 381 398 407 421 444 470 486 505 527 528 547 554 558 580 584 585 587 602 605 608 615 620 626 637 642 645 646 648 657 668 669 673 675 684 686 710 718 730 734 756 769 775 800 824 852 854 875 883 890 902 905 914 916 922 926 933 935 940 946 952 956 957 959 970 990 992 
486 105 852 46 470 675 875 36 101 421 547 800 854 905 17 43 81 202 444 505 580 710 824 883 970 9 28 65 86 109 254 527 558 605 684 775 902 933 990 4 11 20 48 83 117 241 290 528 554 585 615 686 718 890 914 946 992 192 225 287 381 584 602 608 645 756 922 935 959 185 194 228 349 407 587 642 646 734 769 916 926 940 957 152 201 319 378 398 637 648 730 952 148 166 360 620 668 956 139 182 370 626 657 669 364 673 
486 105 852 46 470 675 875 36 101 421 547 800 854 905 17 43 81 202 444 505 580 710 824 883 970 9 28 65 86 109 254 527 558 605 684 775 902 933 990 4 11 20 48 83 117 241 290 528 554 585 615 686 718 890 914 946 992 192 225 287 381 584 602 608 645 756 922 935 959 185 194 228 349 407 587 642 646 734 769 916 926 940 957 152 201 319 378 398 637 648 730 952 148 166 360 620 668 956 139 182 370 626 657 669 364 673 
-1
5
486 105 852 46 470 675 875 36 101 421 547 800 854 905 17 43 81 202 444 505 580 710 824 883 970 9 28 65 86 109 254 527 558 605 684 775 902 933 990 4 11 20 48 83 117 241 290 528 554 585 615 686 718 890 914 946 992 192 225 287 381 584 602 608 645 756 922 935 959 185 194 228 349 407 587 642 646 734 769 916 926 940 957 152 201 319 378 398 637 648 730 952 148 166 360 620 668 956 139 182 370 626 657 669 364 673 
486 105 852 46 470 675 875 36 101 421 547 800 854 905 17 43 81 202 444 505 580 710 824 883 970 9 28 65 86 109 254 527 558 605 684 775 902 933 990 4 11 20 48 83 117 241 290 528 554 585 615 686 718 890 914 946 992 192 225 287 381 584 602 608 645 756 922 935 959 185 194 228 349 407 587 642 646 734 769 916 926 940 957 152 201 319 378 398 637 648 730 952 148 166 360 620 668 956 139 182 370 626 657 669 364 673 
10
7
4 9 11 17 20 28 36 43 46 48 65 81 83 86 101 105 109 117 139 148 152 166 182 185 192 194 201 202 225 228 241 254 287 290 319 349 360 364 370 378 381 398 407 421 444 470 486 505 527 528 547 554 558 580 584 585 587 602 605 608 615 620 626 637 642 645 646 648 657 668 669 673 675 684 686 710 718 730 734 756 769 775 800 824 852 854 875 883 890 902 905 914 916 922 926 933 935 940 946 952 956 957 959 970 990 992 
486 105 852 46 470 675 875 36 101 421 547 800 854 905 17 43 81 202 444 505 580 710 824 883 970 9 28 65 86 109 254 527 558 605 684 775 902 933 990 4 11 20 48 83 117 241 290 528 554 585 615 686 718 890 914 946 992 192 225 287 381 584 602 608 645 756 922 935 959 185 194 228 349 407 587 642 646 734 769 916 926 940 957 152 201 319 378 398 637 648 730 952 148 166 360 620 668 956 139 182 370 626 657 669 364 673 
4 9 11 17 20 28 36 43 46 48 65 81 83 86 101 105 109 117 139 148 152 166 182 185 192 194 201 202 225 228 241 254 287 290 319 349 360 364 370 378 381 398 407 421 444 470 486 505 527 528 547 554 558 580 584 585 587 602 605 608 615 620 626 637 642 645 646 648 657 668 669 673 675 684 686 710 718 730 734 756 769 775 800 824 852 854 875 883 890 902 905 914 916 922 926 933 935 940 946 952 956 957 959 970 990 992 
486 105 852 46 470 675 875 36 101 421 547 800 854 905 17 43 81 202 444 505 580 710 824 883 970 9 28 65 86 109 254 527 558 605 684 775 902 933 990 4 11 20 48 83 117 241 290 528 554 585 615 686 718 890 914 946 992 192 225 287 381 584 602 608 645 756 922 935 959 185 194 228 349 407 587 642 646 734 769 916 926 940 957 152 201 319 378 398 637 648 730 952 148 166 360 620 668 956 139 182 370 626 657 669 364 673 
486 105 852 46 470 675 875 36 101 421 547 800 854 905 17 43 81 202 444 505 580 710 824 883 970 9 28 65 86 109 254 527 558 605 684 775 902 933 990 4 11 20 48 83 117 241 290 528 554 585 615 686 718 890 914 946 992 192 225 287 381 584 602 608 645 756 922 935 959 185 194 228 349 407 587 642 646 734 769 916 926 940 957 152 201 319 378 398 637 648 730 952 148 166 360 620 668 956 139 182 370 626 657 669 364 673 
